0.607421 0.624023 0.652344 0.242383 0.410254 0.310645 0.434570 0.163086 0.204101 0.249805 0.279785 0.542285 0.465430 0.456055 0.543066 0.541797 0.655273 0.562891 0.486719 0.627930 0.545898 0.672852
0.619141 0.653320 0.458301 0.235449 0.453223 0.482617 0.674316 0.094824 0.283984 0.162598 0.234570 0.302734 0.315430 0.314453 0.333984 0.573438 0.664160 0.362012 0.472461 0.627930 0.485351 0.681640
0.672754 0.653320 0.610352 0.448340 0.600586 0.652148 0.665820 0.125000 0.121094 0.144238 0.339551 0.575977 0.354980 0.377929 0.540039 0.659863 0.667383 0.476172 0.457520 0.669531 0.562500 0.331055
0.649902 0.674804 0.663770 0.640625 0.661133 0.656055 0.501855 0.194043 0.355468 0.233301 0.439941 0.653125 0.615234 0.578125 0.451172 0.636133 0.531641 0.307715 0.407813 0.666895 0.656152 0.584961
0.664062 0.619043 0.559766 0.645117 0.659961 0.601953 0.664062 0.322070 0.272363 0.338672 0.672852 0.609668 0.187402 0.395117 0.610254 0.646484 0.648242 0.428320 0.477344 0.608203 0.656250 0.357520
0.532813 0.508789 0.655078 0.634180 0.656348 0.661914 0.660059 0.217676 0.122461 0.205078 0.662109 0.649414 0.454492 0.402832 0.368262 0.658105 0.655469 0.525195 0.392188 0.667578 0.656836 0.335840
0.673828 0.674805 0.650391 0.674219 0.323828 0.462598 0.664453 0.176757 0.347656 0.345704 0.418946 0.357227 0.197266 0.495801 0.665625 0.412891 0.454102 0.635254 0.507324 0.520508 0.627930 0.587695
0.622656 0.609375 0.629297 0.660157 0.637305 0.664844 0.655859 0.224610 0.270313 0.511719 0.668750 0.615235 0.502344 0.498437 0.659180 0.670508 0.666602 0.524023 0.391113 0.667578 0.672363 0.577441
0.486328 0.416992 0.665039 0.674805 0.675293 0.577832 0.653320 0.672168 0.466406 0.663086 0.660059 0.390625 0.402344 0.661133 0.649414 0.540430 0.555664 0.538086 0.437305 0.524805 0.675782 0.668750
0.453125 0.226563 0.642578 0.377734 0.508789 0.450195 0.669727 0.436035 0.308594 0.669922 0.660156 0.204101 0.539062 0.514648 0.671875 0.442676 0.370996 0.358398 0.373046 0.583301 0.599902 0.435254
0.253906 0.134765 0.458985 0.578223 0.502734 0.259863 0.364258 0.666016 0.662500 0.665625 0.656641 0.501953 0.545898 0.681641 0.667968 0.317382 0.577832 0.549023 0.418750 0.668555 0.626367 0.319922
0.597656 0.337695 0.587891 0.481445 0.451562 0.275390 0.511816 0.666406 0.663965 0.661132 0.652148 0.345898 0.459961 0.575195 0.679102 0.673535 0.673926 0.490332 0.426270 0.663574 0.659473 0.256543
0.279297 0.143554 0.290039 0.659668 0.646582 0.439453 0.000000 0.370898 0.493164 0.573730 0.649121 0.392578 0.499023 0.536133 0.667773 0.412988 0.636621 0.668457 0.675488 0.670410 0.563281 0.351465
0.384668 0.403320 0.380859 0.367578 0.563379 0.212890 0.529980 0.561133 0.545312 0.516601 0.560254 0.291211 0.293945 0.257812 0.599023 0.458691 0.330566 0.619336 0.476270 0.659180 0.658203 0.358399
0.265625 0.390625 0.294922 0.225098 0.312500 0.485449 0.494531 0.490039 0.334473 0.407227 0.481641 0.249219 0.216016 0.406250 0.661133 0.670605 0.634082 0.657520 0.664062 0.359766 0.320215 0.358496
0.321289 0.327148 0.595703 0.335937 0.273633 0.215723 0.637109 0.380859 0.368945 0.564453 0.565430 0.358008 0.400195 0.530664 0.662793 0.512305 0.383887 0.680176 0.652246 0.636328 0.597852 0.604590
