0.669921 0.556640 0.663086 0.488477 0.607520 0.612402 0.666016 0.312500 0.270508 0.236133 0.334473 0.667285 0.672461 0.615235 0.666113 0.306445 0.569336 0.611719 0.629297 0.442383 0.399414 0.546875
0.675781 0.494140 0.513965 0.487402 0.495215 0.403516 0.671387 0.254980 0.388477 0.233887 0.386914 0.617188 0.469727 0.408203 0.672851 0.607617 0.605566 0.395215 0.660937 0.556641 0.409179 0.553711
0.370020 0.341796 0.590820 0.463965 0.540039 0.590625 0.665820 0.368164 0.211914 0.250684 0.443066 0.647266 0.296387 0.527343 0.670898 0.671582 0.514062 0.489844 0.651855 0.484961 0.282226 0.214844
0.556152 0.539062 0.519238 0.655273 0.656250 0.494922 0.438379 0.562207 0.644531 0.493066 0.564941 0.665820 0.664062 0.664063 0.685547 0.524805 0.486719 0.478613 0.688086 0.669824 0.611230 0.438476
0.458008 0.331934 0.576367 0.658789 0.574023 0.339258 0.668945 0.524219 0.352441 0.392383 0.519532 0.615527 0.267480 0.667578 0.677637 0.673828 0.649219 0.671484 0.587695 0.354297 0.462891 0.309668
0.375586 0.271484 0.658008 0.659570 0.490332 0.416797 0.666895 0.362207 0.160547 0.246094 0.523438 0.656250 0.468164 0.533691 0.569434 0.562402 0.589063 0.501758 0.489844 0.497656 0.498633 0.308496
0.609375 0.568360 0.668946 0.669336 0.311133 0.439160 0.654687 0.360351 0.394531 0.423829 0.402344 0.447070 0.207031 0.689160 0.661719 0.469531 0.415039 0.667480 0.672363 0.303711 0.468750 0.668750
0.531836 0.522460 0.637109 0.667969 0.242773 0.450000 0.661719 0.263672 0.318164 0.389649 0.511523 0.663086 0.544336 0.507227 0.670898 0.671484 0.657813 0.621680 0.655762 0.647070 0.666504 0.668262
0.348633 0.315429 0.673828 0.632813 0.380371 0.299512 0.664062 0.561816 0.505469 0.544922 0.537988 0.640625 0.436524 0.681641 0.656250 0.669336 0.602539 0.690430 0.664844 0.447656 0.694336 0.665820
0.343750 0.184570 0.620117 0.412891 0.282227 0.258789 0.629687 0.323730 0.288086 0.410157 0.439453 0.398437 0.466797 0.349609 0.596680 0.423145 0.359277 0.386719 0.669921 0.518848 0.672168 0.592480
0.224610 0.133789 0.414063 0.479590 0.353320 0.220801 0.269531 0.674805 0.542383 0.513281 0.672266 0.672852 0.481445 0.601562 0.667968 0.427734 0.643262 0.669141 0.503711 0.663672 0.667383 0.353125
0.433594 0.241016 0.408203 0.340820 0.310937 0.175781 0.404395 0.676172 0.647363 0.439453 0.483203 0.588086 0.416016 0.359375 0.506250 0.669629 0.665137 0.463965 0.403809 0.662598 0.663379 0.292676
0.254883 0.123047 0.239258 0.583496 0.663184 0.391601 0.000000 0.287891 0.375977 0.441895 0.544629 0.660156 0.662109 0.626953 0.670703 0.482324 0.608301 0.579590 0.538770 0.664551 0.569141 0.377832
0.310449 0.251953 0.282226 0.248438 0.401270 0.207031 0.369824 0.521094 0.459375 0.363281 0.464551 0.578320 0.368164 0.300781 0.589258 0.504590 0.403809 0.391797 0.376660 0.657227 0.463867 0.362305
0.223633 0.269531 0.210938 0.276855 0.393554 0.616309 0.524805 0.480273 0.454590 0.371094 0.483594 0.665234 0.427930 0.524414 0.656250 0.671582 0.665332 0.655566 0.661133 0.573633 0.314355 0.342871
0.248047 0.235351 0.422852 0.266602 0.312695 0.294824 0.466211 0.383789 0.469531 0.505860 0.629883 0.596289 0.600391 0.685937 0.667676 0.383398 0.450293 0.659668 0.662988 0.646094 0.490430 0.395605
