0.134570
0.168848
0.259765
0.275391
0.563770
0.484863
0.595703
0.510156
0.176563
0.083984
0.286035
0.226953
0.514648
0.437305
0.628516
0.568359
0.658594
0.669824
0.331055
0.423242
0.149316
0.497852
0.288086
0.498047
0.416992
0.505859
0.475586
0.673438
0.576171
0.417480
0.386718
0.154297
0.234082
0.290527
0.667969
0.599609
0.618164
0.619922
0.424707
0.359375
0.521875
0.553516
0.587598
0.601270
0.417187
0.263672
0.152344
0.529102
0.667773
0.641895
0.663086
0.632617
0.542969
0.657227
0.580078
0.515625
0.618359
0.459961
0.655469
0.542188
0.268164
0.191406
0.269043
0.685547
0.665918
0.489648
0.384766
0.669336
0.662110
0.667969
0.670898
0.633789
0.488281
0.419922
0.493359
0.566211
0.143554
0.368164
0.590821
0.671484
0.405762
0.557324
0.625391
0.536133
0.258789
0.370117
0.544921
0.643555
0.507812
0.598632
0.591211
0.179687
0.670898
0.691406
0.640527
0.441504
0.662695
0.668945
0.659180
0.627930
0.669921
0.632227
0.502734
0.423242
0.659180
0.515332
0.385449
0.510156
0.657227
0.670801
0.615039
0.667578
0.660547
0.508105
0.323242
0.249707
0.618066
0.469434
0.669629
0.519141
0.204492
0.265039
0.653125
0.607617
0.622070
0.661719
0.381836
0.129785
0.419629
0.418066
0.551660
0.588379
0.385059
0.352637
0.191016
0.669531
0.471484
0.668457
0.650000
0.668946
0.543945
0.664258
0.664160
0.663574
0.433789
0.515918
0.306152
0.105957
0.419727
0.330664
0.669434
0.657715
0.647266
0.605468
0.656055
0.671387
0.570996
0.265332
