0.640625 0.662109 0.657227 0.538281 0.657324 0.641699 0.659180 0.225586 0.306641 0.358203 0.245605 0.285449 0.335547 0.526368 0.543066 0.543750 0.649414 0.393945 0.434961 0.675781 0.628906 0.672852
0.668945 0.560546 0.405566 0.667090 0.635840 0.674023 0.662598 0.081152 0.349414 0.246582 0.310742 0.291016 0.294922 0.386718 0.420898 0.668164 0.649512 0.230176 0.493945 0.663086 0.331054 0.533203
0.361230 0.216796 0.302734 0.661230 0.661133 0.669727 0.640430 0.238281 0.163086 0.320020 0.612012 0.516406 0.235840 0.356445 0.518555 0.658887 0.671289 0.422461 0.586426 0.672461 0.264648 0.179688
0.676270 0.476562 0.665723 0.669922 0.654297 0.673633 0.669824 0.386426 0.415039 0.319238 0.453613 0.332813 0.595703 0.662110 0.497070 0.671289 0.462305 0.322363 0.627539 0.666895 0.676660 0.430664
0.638672 0.650293 0.668164 0.649023 0.496875 0.353906 0.657226 0.444141 0.267480 0.322070 0.670899 0.684863 0.208887 0.456641 0.644434 0.655273 0.577930 0.394141 0.573047 0.574023 0.660156 0.225684
0.471289 0.670898 0.640430 0.532617 0.510840 0.516406 0.662012 0.235254 0.143945 0.291992 0.666992 0.666992 0.450586 0.670410 0.472754 0.657129 0.611523 0.479297 0.379492 0.668555 0.670508 0.148340
0.379883 0.664063 0.654297 0.669336 0.534766 0.653027 0.668359 0.263672 0.455078 0.416016 0.563477 0.341602 0.236328 0.595410 0.661719 0.457813 0.433594 0.591309 0.571777 0.642578 0.404297 0.527148
0.416602 0.657226 0.636133 0.663086 0.326758 0.498828 0.476172 0.166992 0.334766 0.416992 0.662891 0.657227 0.659570 0.679102 0.653320 0.667578 0.615820 0.357031 0.405762 0.661719 0.662598 0.513965
0.305664 0.308593 0.663085 0.629883 0.293457 0.298535 0.492187 0.160449 0.178320 0.378906 0.609277 0.674805 0.681641 0.670898 0.655274 0.666406 0.588867 0.430664 0.490039 0.666406 0.663086 0.624805
0.250000 0.174805 0.522461 0.387500 0.290039 0.280273 0.414844 0.122559 0.118164 0.362305 0.606445 0.510742 0.658203 0.664062 0.524414 0.450488 0.490137 0.234375 0.418945 0.677051 0.589160 0.455762
0.307617 0.174804 0.434571 0.402441 0.552539 0.394629 0.424805 0.480469 0.437891 0.665625 0.671289 0.671875 0.650391 0.662109 0.672851 0.627929 0.541699 0.469922 0.630664 0.666602 0.390039 0.349219
0.354492 0.328906 0.582031 0.393555 0.432031 0.375976 0.623145 0.676172 0.666895 0.586914 0.672656 0.669141 0.660157 0.458007 0.339258 0.676465 0.659277 0.425879 0.650879 0.654785 0.666309 0.236035
0.163086 0.147461 0.295899 0.341309 0.666113 0.668945 0.006152 0.551562 0.584961 0.669434 0.654980 0.544922 0.663085 0.451172 0.635547 0.400293 0.625879 0.657715 0.658887 0.674316 0.621875 0.481348
0.222559 0.203125 0.222656 0.162500 0.485254 0.393554 0.660840 0.663672 0.549219 0.432617 0.625684 0.296094 0.163086 0.188477 0.607812 0.619824 0.504395 0.644727 0.517285 0.478516 0.452148 0.527344
0.130860 0.239258 0.168946 0.221191 0.418945 0.669043 0.672266 0.408984 0.290527 0.285156 0.657422 0.488477 0.337109 0.340820 0.657227 0.660840 0.663379 0.660449 0.655273 0.331445 0.257715 0.419043
0.174804 0.254883 0.432617 0.337891 0.473828 0.664941 0.676172 0.410156 0.502734 0.535157 0.670898 0.593359 0.662891 0.525781 0.488965 0.549414 0.499121 0.672363 0.672754 0.664648 0.653516 0.665137
