0.000000 0.000000 0.000000 0.000000 0.000000 0.000000 0.000586 0.000000 0.000000 0.000000 0.000195 0.000000 0.000000 0.000000 0.000000 0.000000 0.000000 0.000000 0.000000 0.000000 0.000000 0.000000 0.000000 0.000000 0.000000 0.000098 0.000000 0.000000 0.000000 0.000000 0.000488 0.000879
0.000000 0.000195 0.000000 0.000000 0.000000 0.000000 0.000000 0.000293 0.000391 0.000000 0.000000 0.000293 0.000000 0.000000 0.000000 0.000000 0.000000 0.000000 0.000000 0.000000 0.000000 0.000195 0.000000 0.000000 0.000391 0.000000 0.000000 0.000195 0.000000 0.000195 0.000000 0.000000
0.000000 0.000000 0.000000 0.000000 0.000488 0.000293 0.001367 0.000391 0.000000 0.000879 0.000000 0.000488 0.000000 0.000000 0.000000 0.000000 0.000000 0.000000 0.000195 0.000000 0.000000 0.000000 0.000000 0.000000 0.000000 0.000098 0.000098 0.000000 0.000293 0.000293 0.001465 0.000000
0.000000 0.000684 0.000000 0.000000 0.000000 0.000000 0.001074 0.000391 0.000000 0.000000 0.000000 0.000000 0.000195 0.000000 0.000000 0.000000 0.000000 0.000000 0.000098 0.000000 0.000000 0.000000 0.000000 0.000000 0.000000 0.000488 0.000000 0.000000 0.000488 0.000000 0.001270 0.000195
0.000977 0.000781 0.001367 0.000391 0.000000 0.000781 0.000000 0.000000 0.000000 0.000000 0.000000 0.000000 0.000000 0.000098 0.000000 0.000000 0.000684 0.000879 0.001270 0.001660 0.000000 0.000000 0.000000 0.000293 0.000000 0.000000 0.000000 0.000000 0.000000 0.000000 0.000195 0.000781
0.000977 0.001758 0.000391 0.001270 0.000098 0.000000 0.000000 0.000098 0.000391 0.000000 0.000000 0.000000 0.000000 0.000000 0.000879 0.000000 0.001953 0.000586 0.001074 0.001465 0.000195 0.000000 0.001855 0.000391 0.000000 0.001172 0.000000 0.000293 0.000000 0.000000 0.000879 0.000879
0.001660 0.001660 0.001758 0.000684 0.000000 0.000781 0.000293 0.000000 0.000391 0.000684 0.000977 0.000098 0.000000 0.000586 0.000781 0.000977 0.000977 0.001367 0.000098 0.000000 0.002344 0.001270 0.001074 0.001172 0.000391 0.000684 0.000684 0.001758 0.000098 0.001074 0.000879 0.000391
0.000586 0.001465 0.001758 0.001270 0.001270 0.000000 0.001172 0.000098 0.000195 0.000000 0.000000 0.000000 0.000000 0.000000 0.000195 0.000000 0.000977 0.000879 0.000195 0.004492 0.001660 0.001172 0.000488 0.001367 0.000977 0.000000 0.000781 0.000684 0.000391 0.000195 0.000000 0.000000
0.001172 0.000000 0.001367 0.000000 0.000000 0.000195 0.000000 0.000000 0.000000 0.000000 0.000000 0.000000 0.000000 0.000000 0.000000 0.000195 0.000781 0.000000 0.000000 0.000000 0.000000 0.000000 0.000000 0.000586 0.001855 0.001465 0.000879 0.000098 0.000000 0.000000 0.000000 0.001855
0.000098 0.001074 0.000098 0.000098 0.000000 0.000000 0.000098 0.000195 0.000000 0.000000 0.000000 0.000000 0.000000 0.000000 0.000000 0.000000 0.000000 0.000000 0.000000 0.000000 0.000000 0.000000 0.000098 0.000000 0.002148 0.001855 0.001953 0.000977 0.000977 0.000488 0.001074 0.000195
0.000781 0.000488 0.000195 0.000195 0.000000 0.000000 0.000293 0.000000 0.000000 0.000000 0.000000 0.000000 0.000000 0.000000 0.000000 0.000000 0.000000 0.000098 0.000000 0.000391 0.000098 0.000098 0.000000 0.000000 0.001953 0.003320 0.002539 0.003223 0.000391 0.000488 0.000293 0.000000
0.000488 0.001074 0.001563 0.000781 0.000000 0.001074 0.000391 0.000391 0.000000 0.000000 0.000000 0.000000 0.000391 0.000000 0.000000 0.000000 0.001465 0.000000 0.000000 0.000000 0.000000 0.000000 0.000000 0.000000 0.002344 0.002344 0.003516 0.003711 0.001367 0.000391 0.000195 0.000000
0.000781 0.001270 0.002148 0.001855 0.000000 0.001172 0.002344 0.001172 0.000098 0.000000 0.000879 0.000000 0.000000 0.000000 0.000391 0.000488 0.000000 0.000000 0.000781 0.000000 0.000000 0.000000 0.000000 0.000586 0.000000 0.000195 0.000000 0.000000 0.000000 0.000000 0.000000 0.000195
0.000977 0.001172 0.001953 0.002832 0.000391 0.000293 0.001270 0.001270 0.000879 0.000000 0.000293 0.000098 0.000000 0.000000 0.000098 0.000000 0.000000 0.000000 0.000000 0.000000 0.000000 0.000000 0.000000 0.000000 0.000000 0.000000 0.000098 0.000000 0.000000 0.000000 0.000000 0.000000
0.002832 0.001855 0.001172 0.000195 0.005176 0.004492 0.004297 0.004102 0.000000 0.000000 0.000000 0.000000 0.000000 0.000586 0.001562 0.000195 0.000000 0.000195 0.000000 0.000977 0.000000 0.000098 0.000586 0.000488 0.000000 0.000000 0.000000 0.000000 0.000000 0.000000 0.000000 0.000000
0.003516 0.001855 0.001367 0.003613 0.003906 0.005664 0.003125 0.004297 0.000000 0.000000 0.000000 0.000000 0.000195 0.000000 0.000195 0.000000 0.000000 0.000977 0.000000 0.000000 0.000000 0.000000 0.000000 0.000293 0.000000 0.000000 0.000000 0.000000 0.000000 0.000000 0.000293 0.000000
0.000195 0.000293 0.000195 0.000000 0.000000 0.000000 0.000000 0.000000 0.000000 0.000000 0.000000 0.000000 0.000000 0.000098 0.000000 0.000195 0.000586 0.000586 0.000000 0.000000 0.000000 0.000000 0.000000 0.000000 0.000098 0.000000 0.000488 0.000000 0.000000 0.000879 0.000391 0.000488
0.001270 0.001367 0.000000 0.000000 0.000000 0.000000 0.000098 0.000000 0.000000 0.000586 0.000000 0.000000 0.000000 0.000000 0.000000 0.000000 0.000781 0.001465 0.000000 0.000195 0.000977 0.000000 0.000000 0.000000 0.000195 0.000977 0.000684 0.000000 0.000000 0.000000 0.000000 0.000000
0.000000 0.000391 0.000000 0.000000 0.000000 0.000000 0.000195 0.000000 0.000195 0.000684 0.000098 0.000781 0.000000 0.000000 0.000000 0.000000 0.000293 0.001172 0.000586 0.000391 0.000000 0.000293 0.000684 0.000000 0.000000 0.001660 0.000977 0.000879 0.000488 0.000000 0.000000 0.000098
0.000000 0.000000 0.000000 0.000000 0.000879 0.000000 0.000000 0.000000 0.000000 0.000684 0.000293 0.000293 0.000000 0.000000 0.000000 0.000293 0.000195 0.000195 0.000391 0.000000 0.000000 0.000000 0.000293 0.000000 0.000391 0.000000 0.000000 0.000000 0.000000 0.000000 0.000098 0.000195
0.000488 0.000000 0.000000 0.000000 0.000000 0.000000 0.000000 0.000781 0.000000 0.000000 0.000000 0.000000 0.000000 0.000000 0.000000 0.000000 0.000000 0.000000 0.000098 0.000000 0.000000 0.000000 0.000000 0.000000 0.000000 0.000684 0.000293 0.000000 0.000000 0.000000 0.000000 0.000488
0.000000 0.000000 0.000000 0.000000 0.000000 0.000000 0.000195 0.000098 0.000000 0.000000 0.000000 0.000000 0.000000 0.000000 0.000000 0.000000 0.000293 0.000000 0.000000 0.000000 0.000000 0.000000 0.000000 0.000000 0.001172 0.000488 0.000195 0.000000 0.000000 0.000977 0.000000 0.000000
0.000000 0.001172 0.000684 0.000000 0.000000 0.000000 0.002637 0.000000 0.000000 0.000000 0.000000 0.000000 0.000000 0.000000 0.000000 0.000000 0.000488 0.000000 0.000000 0.000000 0.000000 0.000000 0.000000 0.000000 0.000000 0.000293 0.000684 0.000586 0.000293 0.000000 0.000000 0.000293
0.000391 0.000879 0.000000 0.000098 0.000391 0.000000 0.001367 0.001172 0.000000 0.000000 0.000000 0.000000 0.000000 0.000000 0.000000 0.000000 0.000000 0.000684 0.000000 0.000000 0.000000 0.000000 0.000000 0.000000 0.000000 0.000000 0.000000 0.000000 0.000000 0.000488 0.000000 0.000000
0.000000 0.000098 0.000000 0.000000 0.000000 0.000000 0.000000 0.000000 0.000879 0.000195 0.000000 0.000000 0.000000 0.000000 0.000000 0.000000 0.000000 0.000000 0.000000 0.000000 0.000000 0.000488 0.000000 0.000000 0.000000 0.000000 0.000000 0.000000 0.000586 0.000098 0.000000 0.000879
0.000098 0.000000 0.000000 0.000000 0.000195 0.000000 0.000000 0.000000 0.000391 0.000098 0.000391 0.000000 0.000000 0.000000 0.000000 0.000000 0.000195 0.000000 0.000000 0.000000 0.000000 0.000391 0.000000 0.000000 0.000000 0.000000 0.000000 0.000000 0.000000 0.000098 0.000488 0.000586
0.000000 0.000000 0.000000 0.000000 0.000000 0.000000 0.000000 0.000000 0.000488 0.000684 0.000488 0.000098 0.000000 0.000000 0.000000 0.000000 0.000000 0.000000 0.000000 0.000000 0.000000 0.000195 0.000000 0.000000 0.000000 0.000000 0.000000 0.000000 0.000000 0.000195 0.000293 0.000000
0.000000 0.000000 0.000000 0.000000 0.000000 0.000000 0.000000 0.000000 0.000000 0.000000 0.000000 0.001758 0.000000 0.000000 0.000000 0.000000 0.000000 0.000000 0.000000 0.000000 0.000000 0.000000 0.000195 0.000000 0.000293 0.000000 0.000000 0.000000 0.000000 0.000000 0.000781 0.000000
0.000488 0.000391 0.000000 0.000098 0.000000 0.000098 0.000000 0.000684 0.000000 0.000000 0.000000 0.000000 0.000000 0.000000 0.000000 0.000000 0.000000 0.000000 0.000000 0.000000 0.000000 0.000000 0.000000 0.000000 0.000000 0.000000 0.000000 0.000000 0.000000 0.000000 0.000000 0.000000
0.000879 0.000586 0.001172 0.000879 0.000000 0.000000 0.000488 0.001172 0.000000 0.000000 0.000000 0.000000 0.000000 0.000000 0.000000 0.000000 0.000000 0.000000 0.000000 0.000000 0.000391 0.000000 0.000000 0.000000 0.000000 0.000000 0.000000 0.000000 0.000000 0.000000 0.000000 0.000000
0.000000 0.000195 0.000000 0.000391 0.000098 0.000000 0.000000 0.000293 0.000000 0.000000 0.000000 0.000000 0.000000 0.000000 0.000000 0.000000 0.000000 0.000000 0.000000 0.000000 0.000000 0.000000 0.000000 0.000000 0.000586 0.000977 0.000000 0.000879 0.000000 0.000000 0.000000 0.000000
0.000684 0.000488 0.001562 0.001270 0.000000 0.000293 0.000293 0.000000 0.000000 0.000000 0.000000 0.000000 0.000000 0.000000 0.000000 0.000000 0.000000 0.000000 0.000000 0.000000 0.000000 0.000000 0.000000 0.000000 0.000391 0.000098 0.000000 0.000000 0.000000 0.000000 0.000000 0.000000
