0.152148
0.181543
0.191406
0.354492
0.534473
0.513184
0.578125
0.541406
0.229297
0.086914
0.365137
0.284570
0.563476
0.542773
0.672461
0.559570
0.629297
0.665918
0.370117
0.412500
0.141504
0.489063
0.303711
0.587891
0.473633
0.597656
0.385742
0.642188
0.666992
0.427246
0.409179
0.151367
0.289746
0.275879
0.673828
0.670898
0.657227
0.639453
0.466699
0.280273
0.425195
0.617969
0.626660
0.445020
0.289258
0.158203
0.055664
0.609180
0.498828
0.654590
0.665039
0.511523
0.664063
0.659180
0.677734
0.502930
0.484570
0.590820
0.633008
0.453320
0.248633
0.115234
0.312012
0.658203
0.652246
0.621484
0.291016
0.674219
0.667969
0.643555
0.571289
0.605469
0.598632
0.550781
0.461133
0.554492
0.075195
0.358398
0.532227
0.662695
0.458496
0.383496
0.661523
0.675781
0.285156
0.441406
0.494140
0.593750
0.571289
0.500000
0.619531
0.035156
0.671875
0.519531
0.635645
0.592871
0.663672
0.666016
0.645508
0.661133
0.665039
0.461328
0.611133
0.661523
0.665039
0.466504
0.356152
0.471094
0.657227
0.661035
0.661914
0.671484
0.581445
0.353809
0.445312
0.404004
0.627832
0.613965
0.637402
0.412695
0.153711
0.218164
0.568164
0.554883
0.578125
0.650000
0.670898
0.298730
0.585645
0.669043
0.618066
0.541504
0.232715
0.228613
0.142187
0.525000
0.283984
0.668457
0.650977
0.641602
0.680664
0.650586
0.660254
0.667480
0.488477
0.345996
0.204590
0.101074
0.310352
0.295508
0.556152
0.656738
0.649219
0.665039
0.678516
0.566895
0.416699
0.272168
