0.641601 0.558593 0.597657 0.525586 0.656348 0.657324 0.671875 0.189453 0.271484 0.274219 0.237793 0.282520 0.334570 0.446289 0.386816 0.447070 0.675781 0.344141 0.384180 0.605469 0.561523 0.672852
0.667969 0.607421 0.364551 0.662207 0.654395 0.687695 0.623535 0.083105 0.370898 0.216309 0.314648 0.229492 0.275391 0.301757 0.314453 0.664258 0.671973 0.167676 0.423633 0.669922 0.297851 0.570312
0.349512 0.219726 0.390625 0.660254 0.669922 0.527148 0.583789 0.224609 0.183594 0.317090 0.532910 0.616992 0.275879 0.284179 0.454102 0.645215 0.672266 0.329688 0.457520 0.674414 0.239257 0.167969
0.677246 0.449218 0.656934 0.657227 0.623047 0.550586 0.595605 0.388379 0.419922 0.259668 0.487793 0.595508 0.670898 0.492188 0.431641 0.643945 0.544336 0.322363 0.590430 0.667871 0.640527 0.395507
0.589844 0.674707 0.663281 0.657813 0.543750 0.372461 0.665039 0.277148 0.163965 0.254688 0.672852 0.666309 0.343652 0.389258 0.629785 0.646484 0.668750 0.485938 0.671680 0.591602 0.657227 0.186621
0.392188 0.574219 0.630664 0.655664 0.484473 0.403125 0.544824 0.094629 0.114648 0.225586 0.671875 0.662109 0.520898 0.499512 0.342871 0.633691 0.631055 0.432422 0.396094 0.660742 0.583594 0.122949
0.493164 0.656250 0.656250 0.668359 0.574805 0.667676 0.615625 0.203125 0.320312 0.383790 0.479492 0.390430 0.250000 0.414746 0.664648 0.507617 0.416992 0.561035 0.586426 0.503906 0.318359 0.528125
0.529883 0.651367 0.632227 0.662110 0.437109 0.668750 0.658789 0.178711 0.323047 0.326172 0.669727 0.663086 0.663477 0.582422 0.655273 0.666602 0.676367 0.514258 0.576660 0.617773 0.605957 0.509082
0.332031 0.331054 0.667968 0.634766 0.379395 0.420605 0.569336 0.139941 0.316016 0.427734 0.563379 0.682617 0.573242 0.669922 0.666016 0.666406 0.666992 0.673828 0.668750 0.580469 0.677735 0.670703
0.318359 0.215820 0.513672 0.354297 0.333984 0.393554 0.436328 0.185059 0.184570 0.313477 0.495117 0.529297 0.669922 0.669922 0.600586 0.471973 0.606348 0.365234 0.564453 0.478809 0.539355 0.533887
0.326172 0.169922 0.447266 0.332129 0.379688 0.242285 0.209961 0.395508 0.320703 0.546484 0.667383 0.666016 0.645508 0.669922 0.624023 0.460937 0.488965 0.596875 0.667773 0.668555 0.402734 0.344336
0.440430 0.368945 0.635742 0.350586 0.308984 0.260742 0.276465 0.456445 0.446191 0.382812 0.680469 0.680859 0.678711 0.409179 0.404687 0.620801 0.663184 0.433691 0.588379 0.659668 0.690723 0.227246
0.256836 0.188476 0.431641 0.571777 0.660254 0.666992 0.003223 0.438281 0.414062 0.597168 0.661816 0.657227 0.641601 0.668945 0.673633 0.500879 0.662988 0.668457 0.651074 0.674316 0.666797 0.447168
0.329004 0.229492 0.317383 0.324609 0.645410 0.437500 0.663770 0.665625 0.476953 0.491211 0.659863 0.497266 0.351562 0.364258 0.669336 0.665723 0.546387 0.641797 0.454785 0.534180 0.458007 0.418946
0.122071 0.225586 0.203125 0.317871 0.670898 0.649512 0.658594 0.435352 0.323730 0.389648 0.668164 0.473828 0.354687 0.533203 0.662109 0.660840 0.665332 0.652637 0.666016 0.360742 0.364160 0.448340
0.206054 0.299805 0.552735 0.420898 0.570508 0.656152 0.650781 0.433594 0.462695 0.665039 0.664062 0.573828 0.658984 0.603906 0.667676 0.643164 0.568457 0.669434 0.668848 0.666602 0.678906 0.664160
