0.229297
0.199121
0.351562
0.350586
0.670215
0.476074
0.600586
0.670312
0.174609
0.209961
0.350488
0.239648
0.620117
0.621875
0.656836
0.665039
0.661523
0.648340
0.202148
0.266016
0.204980
0.262500
0.286133
0.532227
0.387696
0.502930
0.353516
0.447852
0.549804
0.212402
0.372070
0.325196
0.441113
0.280762
0.469727
0.540039
0.370117
0.233203
0.255762
0.221679
0.673242
0.565234
0.569043
0.438184
0.258984
0.160156
0.170898
0.667773
0.525195
0.670215
0.646484
0.664844
0.309571
0.588867
0.340820
0.515625
0.257031
0.223633
0.309766
0.090039
0.075781
0.285156
0.474121
0.663086
0.498926
0.661523
0.438477
0.495508
0.671875
0.489258
0.670898
0.297852
0.335937
0.620117
0.306836
0.324023
0.214843
0.668945
0.661133
0.668555
0.332520
0.222363
0.344141
0.652344
0.390625
0.497070
0.415039
0.279297
0.415039
0.400390
0.298242
0.127929
0.658203
0.687500
0.645410
0.470801
0.671484
0.603516
0.646485
0.434571
0.670898
0.588281
0.350391
0.245508
0.475586
0.199902
0.606152
0.617578
0.668945
0.652246
0.650195
0.670508
0.294336
0.231738
0.485351
0.250684
0.153223
0.310254
0.373730
0.206641
0.465234
0.315820
0.620898
0.671094
0.668945
0.660742
0.496094
0.354395
0.471387
0.549902
0.379785
0.352051
0.072559
0.074316
0.349219
0.669531
0.508594
0.665527
0.668555
0.643555
0.668945
0.666211
0.624121
0.668457
0.224805
0.181934
0.092285
0.116699
0.457813
0.263281
0.508301
0.600098
0.647266
0.460937
0.500781
0.279785
0.304395
0.135449
