0.642578 0.666992 0.667969 0.513867 0.646582 0.639746 0.658203 0.225586 0.304687 0.359180 0.250488 0.290332 0.334570 0.516602 0.548926 0.530078 0.671875 0.400781 0.433008 0.671875 0.624023 0.673828
0.670898 0.575195 0.399707 0.668066 0.647559 0.674023 0.662598 0.083105 0.340625 0.246582 0.318555 0.306641 0.293945 0.395507 0.438476 0.657422 0.669043 0.227246 0.498828 0.663086 0.330078 0.518554
0.372949 0.211914 0.292969 0.672949 0.650391 0.663867 0.659961 0.238281 0.161133 0.317090 0.616895 0.524219 0.243652 0.340820 0.507812 0.659863 0.673242 0.419531 0.590332 0.672461 0.262695 0.181641
0.667480 0.467773 0.667676 0.667969 0.664062 0.671680 0.681543 0.386426 0.413086 0.329980 0.463379 0.325000 0.575195 0.657227 0.501953 0.670312 0.450586 0.317480 0.638281 0.666895 0.668848 0.423828
0.623047 0.662988 0.664258 0.646094 0.496875 0.351953 0.657226 0.458789 0.274316 0.325000 0.668946 0.671191 0.193262 0.444922 0.636621 0.663086 0.575000 0.379492 0.560352 0.554492 0.662109 0.219824
0.468359 0.674805 0.641406 0.554102 0.527441 0.516406 0.660059 0.252832 0.149805 0.301758 0.661133 0.666992 0.428125 0.670410 0.476660 0.652246 0.612500 0.483203 0.384375 0.658789 0.665625 0.145410
0.368164 0.661133 0.671875 0.670312 0.525000 0.669629 0.668359 0.263672 0.463867 0.413086 0.550782 0.330859 0.231445 0.612012 0.661719 0.454883 0.439453 0.601074 0.572754 0.640625 0.416992 0.533008
0.398047 0.658203 0.620508 0.665039 0.303320 0.470508 0.485938 0.178711 0.334766 0.418946 0.662891 0.661133 0.658594 0.662500 0.654297 0.669531 0.600195 0.344336 0.384277 0.662695 0.656738 0.516895
0.299805 0.300781 0.662109 0.624024 0.301270 0.298535 0.556640 0.199512 0.200781 0.411133 0.621973 0.676758 0.669922 0.652344 0.661133 0.668359 0.552734 0.399414 0.433398 0.668359 0.678711 0.607227
0.242187 0.167969 0.529297 0.395313 0.292969 0.271484 0.435352 0.140137 0.134766 0.392578 0.621093 0.469727 0.658203 0.662109 0.494141 0.429004 0.472559 0.225586 0.393554 0.677051 0.604785 0.445020
0.290039 0.169922 0.428711 0.424902 0.566211 0.391699 0.439453 0.510742 0.462305 0.677344 0.672266 0.640625 0.613281 0.674805 0.663086 0.614257 0.546582 0.451367 0.602344 0.666602 0.394922 0.345313
0.349609 0.322070 0.556641 0.401367 0.435937 0.382812 0.633887 0.658594 0.652246 0.624023 0.678516 0.669141 0.658203 0.456054 0.338281 0.666699 0.677832 0.424902 0.649902 0.654785 0.667285 0.239941
0.160157 0.144531 0.288086 0.340332 0.665137 0.670898 0.005176 0.523242 0.567383 0.647949 0.666699 0.508789 0.663085 0.428711 0.633594 0.392480 0.612207 0.627441 0.657910 0.686035 0.600391 0.472559
0.219629 0.208007 0.215820 0.149805 0.452051 0.359375 0.657910 0.665625 0.529687 0.410156 0.580762 0.269727 0.154297 0.171875 0.587305 0.598340 0.499512 0.621289 0.513379 0.472657 0.443359 0.517578
0.136719 0.250977 0.171875 0.219238 0.388672 0.680762 0.671289 0.409961 0.296387 0.278320 0.637891 0.490430 0.344922 0.337890 0.643555 0.661816 0.662402 0.645801 0.670898 0.329492 0.254785 0.427832
0.169922 0.251953 0.424805 0.320312 0.441602 0.669824 0.666406 0.407227 0.493945 0.505860 0.668945 0.565039 0.658984 0.512109 0.455762 0.515234 0.466895 0.687988 0.662988 0.666602 0.634961 0.693457
