0.220508
0.189355
0.266601
0.367188
0.659473
0.461426
0.526367
0.663477
0.150195
0.143554
0.400293
0.261133
0.476562
0.531055
0.659766
0.662109
0.665430
0.660059
0.222656
0.220117
0.194238
0.345508
0.268555
0.551758
0.459961
0.655273
0.424805
0.498633
0.504882
0.195801
0.356445
0.310547
0.427441
0.186035
0.535157
0.675781
0.333008
0.287891
0.439355
0.356445
0.670312
0.581836
0.396191
0.296582
0.249219
0.155273
0.144531
0.666797
0.287891
0.677051
0.666015
0.659961
0.555664
0.667969
0.465820
0.634766
0.365430
0.250977
0.344922
0.173047
0.112891
0.222656
0.553223
0.669922
0.610254
0.661523
0.663086
0.669336
0.667969
0.666992
0.666016
0.409180
0.403320
0.665039
0.421094
0.566211
0.232421
0.608398
0.667969
0.667578
0.352051
0.364941
0.353906
0.652344
0.556641
0.667969
0.607421
0.574219
0.523437
0.401367
0.490625
0.196289
0.659180
0.625000
0.660059
0.451270
0.658789
0.662109
0.625977
0.660157
0.646484
0.678125
0.666797
0.387109
0.666992
0.373730
0.665723
0.484766
0.659180
0.637598
0.672656
0.654883
0.621484
0.349902
0.545898
0.364941
0.132715
0.241895
0.511426
0.309180
0.494531
0.300195
0.658984
0.656445
0.665039
0.660742
0.667969
0.565332
0.661816
0.669043
0.398340
0.396973
0.127246
0.087012
0.332617
0.663672
0.578906
0.664551
0.669531
0.642578
0.662109
0.653516
0.668066
0.664551
0.354687
0.230762
0.132324
0.202637
0.575000
0.426367
0.541504
0.655762
0.642383
0.684570
0.646289
0.350098
0.549512
0.181348
