0.195117
0.176660
0.201172
0.368164
0.559863
0.504395
0.456055
0.525781
0.182422
0.171875
0.442285
0.269922
0.503906
0.541797
0.664648
0.665039
0.657617
0.662012
0.299805
0.281641
0.208887
0.404102
0.283203
0.559571
0.505860
0.666016
0.567383
0.680273
0.510742
0.252441
0.390625
0.285157
0.442090
0.170410
0.548828
0.670898
0.406250
0.407031
0.626855
0.426757
0.675195
0.567187
0.398145
0.285840
0.250195
0.171875
0.085938
0.664844
0.335742
0.665332
0.668945
0.664844
0.681641
0.672852
0.459961
0.633789
0.525586
0.260742
0.379102
0.260937
0.120703
0.169922
0.553223
0.670898
0.676660
0.659570
0.682617
0.668359
0.668946
0.667969
0.665039
0.537110
0.342773
0.643555
0.378125
0.443164
0.256836
0.671875
0.612305
0.662695
0.512207
0.474316
0.596094
0.657227
0.558594
0.656250
0.490234
0.597656
0.561523
0.310546
0.417383
0.150390
0.648437
0.691406
0.645410
0.574316
0.665625
0.660156
0.644532
0.663086
0.668945
0.599023
0.672656
0.435937
0.652344
0.433301
0.664746
0.613672
0.649414
0.641504
0.664844
0.650977
0.666406
0.367480
0.416015
0.382520
0.170801
0.166699
0.533887
0.310156
0.425195
0.358789
0.651172
0.637891
0.662109
0.650000
0.668945
0.469629
0.650098
0.669043
0.368066
0.384277
0.205371
0.111426
0.261328
0.662695
0.663867
0.665527
0.650977
0.642578
0.674805
0.658398
0.662207
0.665527
0.486523
0.283496
0.106934
0.213379
0.587695
0.466406
0.539551
0.653809
0.657031
0.667968
0.660937
0.440918
0.544629
0.239941
