0.641601 0.677734 0.666993 0.630078 0.657324 0.645605 0.662109 0.204101 0.297851 0.366016 0.278809 0.402637 0.396094 0.491211 0.558691 0.648242 0.670898 0.458398 0.620508 0.665039 0.560546 0.575196
0.668945 0.638671 0.432910 0.665137 0.651465 0.682813 0.660645 0.077246 0.366016 0.270020 0.383008 0.380859 0.329102 0.323242 0.369140 0.653516 0.670020 0.251660 0.668750 0.660157 0.329101 0.439453
0.384668 0.239257 0.391602 0.668066 0.660156 0.654102 0.646289 0.215820 0.178711 0.279980 0.662793 0.673633 0.285645 0.247070 0.445312 0.645215 0.671289 0.640234 0.662598 0.664648 0.286132 0.151367
0.675293 0.425781 0.669629 0.666016 0.665039 0.667773 0.672754 0.346387 0.424804 0.337793 0.547363 0.402148 0.547852 0.597656 0.495117 0.674219 0.418359 0.447363 0.679297 0.669824 0.668848 0.385742
0.665039 0.662012 0.505078 0.644141 0.594531 0.443750 0.656250 0.448047 0.297754 0.326953 0.669922 0.663379 0.168848 0.372656 0.654199 0.647461 0.583789 0.558203 0.671680 0.459766 0.522461 0.215918
0.526953 0.656250 0.658008 0.660547 0.667090 0.547656 0.659082 0.278223 0.149805 0.313477 0.625000 0.621093 0.366602 0.580566 0.403418 0.576074 0.667188 0.670703 0.478125 0.665625 0.522070 0.141504
0.447266 0.664063 0.656250 0.658594 0.457617 0.654004 0.664453 0.270507 0.471679 0.431641 0.432617 0.293750 0.250000 0.574902 0.664648 0.364063 0.460938 0.668457 0.669434 0.585938 0.325195 0.546680
0.474219 0.660156 0.610742 0.649414 0.274023 0.553516 0.657813 0.304688 0.390430 0.479492 0.666797 0.660157 0.674219 0.654687 0.659180 0.613867 0.645117 0.623633 0.578613 0.663672 0.654785 0.580371
0.302735 0.318359 0.661132 0.561524 0.415527 0.420605 0.666015 0.382129 0.456641 0.659180 0.667871 0.479492 0.456055 0.666016 0.666993 0.447656 0.586914 0.572266 0.543750 0.635156 0.663086 0.666797
0.220703 0.195313 0.551758 0.395313 0.344727 0.323242 0.571094 0.298340 0.306641 0.566407 0.653320 0.328125 0.666992 0.648437 0.375000 0.253223 0.399316 0.329102 0.358398 0.508105 0.632129 0.537793
0.291016 0.167968 0.345703 0.533301 0.663867 0.385840 0.401367 0.663086 0.657617 0.647070 0.673242 0.475586 0.452148 0.556641 0.667968 0.450195 0.624707 0.587109 0.657031 0.671484 0.504297 0.493750
0.344726 0.318164 0.416992 0.435547 0.514062 0.387695 0.558691 0.664453 0.660059 0.669921 0.615039 0.497266 0.636719 0.382812 0.475977 0.664746 0.652441 0.597754 0.671387 0.661621 0.679980 0.297559
0.149414 0.126953 0.238281 0.357910 0.662207 0.671875 0.001270 0.464648 0.473633 0.528809 0.438184 0.312500 0.576171 0.409180 0.668750 0.417871 0.620020 0.611816 0.658887 0.659668 0.520312 0.435449
0.215723 0.191406 0.178711 0.160547 0.429590 0.263672 0.680371 0.607031 0.497461 0.374023 0.397168 0.219922 0.178711 0.168945 0.672266 0.528027 0.441895 0.638867 0.568066 0.446289 0.392578 0.489258
0.125000 0.208008 0.134766 0.174316 0.340820 0.589941 0.585352 0.347461 0.251465 0.290039 0.524609 0.457227 0.359570 0.332031 0.641602 0.668652 0.667285 0.644824 0.638672 0.344141 0.257715 0.415137
0.143554 0.210937 0.375977 0.269531 0.375195 0.662988 0.667383 0.360352 0.412891 0.477539 0.659180 0.492773 0.645312 0.506250 0.449902 0.383398 0.361426 0.657715 0.645410 0.589453 0.499219 0.593848
