0.652343 0.659179 0.672852 0.464062 0.658301 0.666113 0.664062 0.196289 0.284180 0.369922 0.312988 0.519824 0.438086 0.483399 0.596777 0.659961 0.666016 0.474023 0.607812 0.666992 0.674804 0.635742
0.649414 0.648437 0.351855 0.673926 0.654395 0.680859 0.662598 0.080176 0.327930 0.238770 0.403516 0.436523 0.311523 0.317382 0.406250 0.662305 0.670996 0.249707 0.671680 0.672852 0.389648 0.465820
0.390527 0.210937 0.289062 0.652441 0.660156 0.610156 0.648242 0.175781 0.152344 0.232129 0.602246 0.669727 0.360840 0.262695 0.446289 0.649121 0.666406 0.567969 0.667480 0.662695 0.336914 0.179688
0.658691 0.431640 0.675488 0.651367 0.665039 0.661914 0.628809 0.293652 0.400390 0.343652 0.595215 0.505664 0.557617 0.573242 0.482422 0.661523 0.536523 0.398535 0.681250 0.663965 0.680566 0.463867
0.670898 0.670801 0.518750 0.650977 0.661914 0.449609 0.661132 0.406055 0.275293 0.323047 0.673828 0.679980 0.151270 0.309180 0.587793 0.654297 0.658008 0.515234 0.668750 0.494922 0.526367 0.270605
0.557227 0.664062 0.642383 0.670312 0.593848 0.523242 0.640527 0.280176 0.150781 0.318359 0.591797 0.664062 0.339258 0.568848 0.309668 0.655176 0.664258 0.671680 0.536719 0.664648 0.562109 0.177637
0.382812 0.667969 0.672852 0.552148 0.384375 0.658887 0.657617 0.249023 0.448242 0.438477 0.393555 0.252734 0.174805 0.642285 0.664648 0.405078 0.526367 0.650879 0.670410 0.567383 0.382812 0.585742
0.368750 0.654296 0.611719 0.621094 0.332617 0.659961 0.656836 0.323242 0.398242 0.514649 0.668750 0.654297 0.596094 0.623437 0.659180 0.667578 0.672461 0.672461 0.623535 0.662695 0.649902 0.672168
0.267578 0.342773 0.661132 0.602539 0.493652 0.607129 0.647461 0.484668 0.618750 0.657227 0.664941 0.353516 0.353516 0.667969 0.667969 0.500391 0.667969 0.666992 0.656055 0.655664 0.671875 0.672656
0.193359 0.176758 0.617187 0.463672 0.361328 0.408203 0.669727 0.361816 0.380859 0.666016 0.652343 0.168945 0.527344 0.623047 0.307617 0.329395 0.489160 0.448242 0.355468 0.572559 0.611621 0.413770
0.228516 0.158203 0.416016 0.554785 0.567187 0.330176 0.433594 0.680664 0.662500 0.661719 0.678125 0.331055 0.320312 0.539062 0.589843 0.424804 0.624707 0.624219 0.669727 0.669531 0.445703 0.405859
0.296875 0.292773 0.459961 0.483398 0.499414 0.395507 0.531348 0.667383 0.646387 0.664062 0.661914 0.325391 0.532227 0.448242 0.456445 0.673535 0.648535 0.608496 0.667480 0.657715 0.678027 0.280957
0.142578 0.105469 0.232422 0.419434 0.669043 0.602539 0.000000 0.380664 0.509766 0.483887 0.379590 0.290039 0.580078 0.477539 0.659961 0.527246 0.662012 0.606934 0.654980 0.684082 0.450000 0.412988
0.201074 0.204101 0.195312 0.164453 0.373926 0.195312 0.521191 0.516211 0.518945 0.382812 0.355176 0.225781 0.236328 0.204102 0.674219 0.560254 0.454590 0.554883 0.555371 0.556641 0.351562 0.456055
0.169922 0.267578 0.169922 0.193848 0.243164 0.459082 0.436914 0.423633 0.312988 0.269531 0.425000 0.506055 0.385937 0.330078 0.659180 0.667676 0.664355 0.673145 0.645508 0.419336 0.236230 0.382910
0.171875 0.250976 0.394531 0.176758 0.253125 0.469629 0.674219 0.436523 0.509570 0.478516 0.670898 0.468359 0.665820 0.550195 0.477246 0.451758 0.386816 0.671387 0.666895 0.667578 0.501172 0.562598
