0.177539
0.151270
0.210937
0.387696
0.559863
0.490723
0.494141
0.468164
0.144336
0.116211
0.387598
0.212305
0.487304
0.529102
0.665625
0.666016
0.658594
0.667871
0.246094
0.243555
0.170801
0.445117
0.281250
0.489258
0.491211
0.674805
0.452149
0.536719
0.432617
0.210449
0.342773
0.198242
0.378613
0.155762
0.587891
0.671875
0.388672
0.489063
0.672754
0.591796
0.672266
0.522266
0.328809
0.235059
0.282422
0.161133
0.083008
0.669727
0.322070
0.670215
0.658203
0.661914
0.668946
0.671875
0.599609
0.590820
0.569531
0.336914
0.382031
0.348828
0.170508
0.144531
0.495605
0.672852
0.665918
0.664453
0.674805
0.662500
0.666016
0.668945
0.663086
0.632813
0.446289
0.663086
0.512891
0.627734
0.192382
0.554687
0.556641
0.661719
0.467285
0.547559
0.609766
0.652344
0.602539
0.661133
0.651367
0.672852
0.674805
0.429687
0.541406
0.156250
0.661133
0.531250
0.641504
0.603613
0.655859
0.655273
0.632813
0.673828
0.628906
0.599023
0.658984
0.671289
0.666016
0.426465
0.668652
0.471094
0.666992
0.639551
0.657031
0.658789
0.665430
0.432910
0.453125
0.364941
0.325098
0.247754
0.595410
0.399023
0.352930
0.281641
0.625781
0.660352
0.652344
0.664648
0.665039
0.554590
0.538770
0.594824
0.394434
0.315918
0.250293
0.157324
0.214453
0.667578
0.459766
0.666504
0.658789
0.643555
0.669922
0.662305
0.516699
0.665527
0.381055
0.369434
0.188965
0.178223
0.497852
0.378516
0.471191
0.669434
0.671680
0.621093
0.538867
0.248535
0.475293
0.191113
