0.164844
0.155176
0.246093
0.383789
0.559863
0.519043
0.486328
0.466211
0.142383
0.111328
0.366113
0.225977
0.500976
0.574023
0.667578
0.667969
0.618555
0.670801
0.259766
0.217188
0.168848
0.429492
0.289062
0.498047
0.563477
0.568359
0.411133
0.525000
0.405273
0.221191
0.312500
0.188477
0.330762
0.171387
0.629883
0.672852
0.422852
0.572070
0.633691
0.520507
0.673242
0.553516
0.358105
0.224316
0.211133
0.122070
0.111328
0.670703
0.384570
0.655566
0.657226
0.672656
0.657227
0.675781
0.595703
0.664062
0.544141
0.338867
0.383008
0.280469
0.133398
0.162109
0.427246
0.668945
0.653223
0.660547
0.667969
0.676172
0.667969
0.670898
0.664062
0.559571
0.469726
0.663086
0.402539
0.520312
0.168945
0.544922
0.670899
0.660742
0.480957
0.455762
0.606836
0.666016
0.581055
0.677734
0.617187
0.671875
0.660156
0.365234
0.500391
0.197265
0.659180
0.692383
0.645410
0.630957
0.677344
0.653320
0.635743
0.665039
0.668945
0.579492
0.663867
0.635156
0.673828
0.344434
0.668652
0.489648
0.644531
0.649316
0.664844
0.648047
0.668359
0.445605
0.657226
0.400098
0.371973
0.372754
0.492871
0.277930
0.380273
0.267969
0.653125
0.654492
0.664062
0.650000
0.665039
0.619043
0.656934
0.671973
0.486230
0.424316
0.159473
0.123145
0.257422
0.664648
0.496875
0.663574
0.651953
0.641602
0.662109
0.655469
0.616309
0.665527
0.388867
0.273730
0.218262
0.208496
0.493945
0.374609
0.511230
0.656738
0.674609
0.692382
0.649219
0.347168
0.566113
0.209668
