0.641601 0.675781 0.527344 0.474805 0.649512 0.660254 0.674805 0.195312 0.283203 0.304492 0.298340 0.648730 0.618750 0.560547 0.627051 0.666797 0.665039 0.460352 0.660547 0.668945 0.438476 0.521485
0.664062 0.676757 0.370410 0.668066 0.654395 0.682813 0.657715 0.073340 0.332813 0.217285 0.366406 0.399414 0.345703 0.227539 0.333984 0.663281 0.672949 0.255566 0.665820 0.669922 0.268554 0.370117
0.471582 0.259765 0.545898 0.663184 0.655273 0.581836 0.667773 0.150391 0.124023 0.197949 0.541699 0.667773 0.383301 0.304687 0.520508 0.654980 0.672266 0.613867 0.667480 0.670508 0.187500 0.117188
0.660645 0.390625 0.671582 0.647461 0.659180 0.560352 0.470605 0.226270 0.362304 0.322168 0.674316 0.672656 0.661133 0.608399 0.569336 0.663477 0.518945 0.503027 0.677344 0.627832 0.492090 0.326172
0.673828 0.669824 0.451367 0.654883 0.662891 0.562891 0.659179 0.339648 0.221582 0.304492 0.672852 0.666309 0.179590 0.349219 0.668848 0.643555 0.662891 0.664648 0.668750 0.317188 0.314453 0.193457
0.597266 0.659180 0.657031 0.653711 0.664160 0.635547 0.640527 0.302637 0.128320 0.230469 0.637695 0.662109 0.356836 0.440918 0.218848 0.652246 0.666211 0.667773 0.552344 0.512305 0.380469 0.137598
0.581055 0.653321 0.667969 0.552148 0.364844 0.648145 0.650781 0.174804 0.319336 0.387696 0.442383 0.331836 0.201172 0.627637 0.665625 0.439258 0.570312 0.657715 0.663574 0.433594 0.208008 0.448047
0.571875 0.645507 0.633203 0.668946 0.459570 0.648242 0.650977 0.295899 0.287891 0.403321 0.592578 0.552735 0.477930 0.345117 0.663086 0.671484 0.652930 0.652930 0.645996 0.667578 0.675293 0.552051
0.359375 0.453125 0.663085 0.623047 0.649902 0.665723 0.642578 0.438770 0.678320 0.640625 0.666895 0.207031 0.185547 0.543945 0.663086 0.671289 0.653320 0.642578 0.640430 0.582422 0.661133 0.663867
0.262695 0.224610 0.594726 0.519336 0.445312 0.471679 0.657031 0.385254 0.422852 0.672852 0.503906 0.070312 0.338867 0.416015 0.261719 0.455371 0.667871 0.658203 0.691406 0.488574 0.671191 0.576855
0.277344 0.174804 0.397461 0.502051 0.455859 0.286230 0.345703 0.672852 0.612695 0.668555 0.660547 0.536133 0.401367 0.505859 0.636718 0.336914 0.689160 0.655469 0.673633 0.638281 0.598047 0.648047
0.370117 0.290820 0.416992 0.423828 0.423242 0.285156 0.368262 0.671289 0.660059 0.587890 0.518359 0.453320 0.495117 0.432617 0.624414 0.668652 0.653418 0.671973 0.675293 0.675293 0.684863 0.406934
0.167969 0.097656 0.255860 0.525879 0.664160 0.451172 0.000293 0.324023 0.369141 0.388184 0.407910 0.659180 0.647460 0.666016 0.672656 0.555566 0.667871 0.549316 0.659863 0.667480 0.424609 0.385645
0.259668 0.204101 0.260742 0.214258 0.382715 0.141601 0.313184 0.476172 0.476953 0.380859 0.501660 0.662305 0.558594 0.392578 0.660547 0.611035 0.452637 0.573438 0.549512 0.604492 0.368164 0.396485
0.172852 0.196289 0.128907 0.149902 0.252929 0.381934 0.412500 0.450000 0.365723 0.354492 0.521680 0.656445 0.676953 0.648437 0.666016 0.667676 0.666309 0.646777 0.654297 0.480859 0.298730 0.309668
0.193359 0.220703 0.358399 0.152344 0.206250 0.363184 0.595117 0.509766 0.506641 0.591797 0.667969 0.657813 0.643359 0.669336 0.660840 0.490820 0.395605 0.680176 0.658105 0.599219 0.486523 0.458105
