0.645507 0.654296 0.654297 0.263867 0.464941 0.522559 0.540039 0.139648 0.241211 0.299609 0.279785 0.599902 0.577734 0.517578 0.589941 0.659961 0.642578 0.521875 0.640039 0.668945 0.665039 0.622071
0.647461 0.672851 0.386035 0.396582 0.673926 0.619336 0.670410 0.075293 0.328906 0.188965 0.289258 0.407227 0.340820 0.250976 0.367187 0.655469 0.657324 0.329785 0.672656 0.666016 0.449218 0.539062
0.435449 0.173828 0.258789 0.540137 0.653320 0.422656 0.672656 0.137695 0.123047 0.194043 0.448926 0.667773 0.402832 0.316406 0.521484 0.647168 0.662500 0.591406 0.669434 0.666602 0.361328 0.205078
0.666504 0.428711 0.640332 0.644531 0.670898 0.472461 0.499902 0.183301 0.307617 0.312402 0.607910 0.672656 0.672852 0.580078 0.529297 0.660547 0.652734 0.393652 0.681250 0.663965 0.671777 0.436523
0.665039 0.657129 0.574414 0.648047 0.661914 0.460352 0.666015 0.306445 0.200098 0.298633 0.626953 0.680957 0.179590 0.262305 0.559473 0.654297 0.655078 0.570898 0.665820 0.451953 0.439453 0.290137
0.627539 0.674805 0.642383 0.600977 0.487402 0.512500 0.652246 0.271387 0.123438 0.211914 0.572266 0.657226 0.399805 0.499512 0.224707 0.660059 0.650586 0.667773 0.662695 0.662695 0.487891 0.198145
0.453125 0.666992 0.652344 0.451562 0.277930 0.657910 0.658594 0.161132 0.332031 0.323243 0.369141 0.348438 0.144531 0.596387 0.666602 0.464648 0.664062 0.651855 0.664551 0.547852 0.348633 0.584766
0.349219 0.668945 0.607812 0.660157 0.414648 0.643359 0.652930 0.236328 0.280078 0.360352 0.632617 0.613282 0.471094 0.477930 0.666016 0.669531 0.664648 0.654883 0.646973 0.659766 0.661621 0.676074
0.288086 0.454101 0.661132 0.563477 0.483887 0.668652 0.638672 0.391895 0.549414 0.669922 0.666895 0.334961 0.227539 0.529297 0.671875 0.535547 0.665039 0.678711 0.655078 0.669336 0.661133 0.670703
0.223633 0.223633 0.674805 0.443164 0.333008 0.462890 0.669727 0.271973 0.324219 0.557618 0.571289 0.093750 0.298828 0.481445 0.310547 0.365527 0.573145 0.635742 0.603515 0.659473 0.659473 0.399121
0.228516 0.172851 0.506836 0.460059 0.378711 0.238379 0.403320 0.537110 0.578516 0.657813 0.664453 0.476562 0.259766 0.422852 0.525390 0.345703 0.668652 0.673047 0.666797 0.665625 0.489648 0.436133
0.320312 0.325977 0.592774 0.432617 0.412500 0.341797 0.396582 0.519922 0.679590 0.574218 0.673633 0.304883 0.371094 0.416015 0.444727 0.672559 0.644629 0.675879 0.663574 0.662598 0.679980 0.240918
0.236328 0.141601 0.331055 0.556152 0.629004 0.398437 0.000000 0.240039 0.458984 0.451660 0.423535 0.560547 0.658203 0.670898 0.671680 0.627832 0.661035 0.646973 0.654004 0.651855 0.488086 0.422754
0.319238 0.250976 0.306640 0.262109 0.394434 0.166015 0.268262 0.399023 0.512109 0.416992 0.424512 0.435742 0.421875 0.356445 0.674219 0.655957 0.481934 0.501172 0.516309 0.663086 0.369140 0.465821
0.298829 0.316406 0.290039 0.373535 0.360351 0.470801 0.227930 0.440234 0.404785 0.340820 0.414258 0.660352 0.623242 0.561523 0.659180 0.668652 0.663379 0.643848 0.662109 0.488672 0.259668 0.356543
0.345703 0.406250 0.636719 0.337891 0.237500 0.228418 0.295312 0.515625 0.671680 0.528321 0.668945 0.662695 0.657031 0.665430 0.668652 0.501563 0.420020 0.657715 0.659082 0.660742 0.519727 0.552832
