0.246875
0.305566
0.294922
0.381836
0.674121
0.462402
0.427735
0.466211
0.127734
0.171875
0.547754
0.402734
0.647461
0.658984
0.667578
0.673828
0.657617
0.671777
0.252930
0.230859
0.213770
0.615039
0.469727
0.523438
0.583008
0.487305
0.399414
0.622656
0.431640
0.225098
0.343750
0.138672
0.431348
0.324707
0.668946
0.668945
0.481446
0.512500
0.454004
0.365234
0.598047
0.498828
0.421582
0.250684
0.174023
0.064453
0.114258
0.665820
0.618945
0.645801
0.661132
0.663867
0.664063
0.664062
0.563477
0.496094
0.568555
0.371094
0.357617
0.309766
0.108008
0.166016
0.456543
0.665039
0.669824
0.657617
0.601562
0.653711
0.665039
0.479492
0.669922
0.621094
0.404296
0.469727
0.375195
0.400195
0.196289
0.670898
0.682617
0.658789
0.409668
0.599316
0.664453
0.666992
0.498047
0.675781
0.628906
0.584961
0.393555
0.388671
0.453516
0.148437
0.657227
0.685547
0.637598
0.596777
0.671484
0.662109
0.659180
0.664063
0.667968
0.518945
0.663867
0.491602
0.669922
0.344434
0.625684
0.492578
0.645508
0.653223
0.667773
0.661719
0.626367
0.349902
0.488281
0.363965
0.524316
0.455762
0.584668
0.251563
0.321680
0.269922
0.665820
0.651563
0.650391
0.649023
0.666016
0.468652
0.686230
0.669043
0.498926
0.453613
0.209277
0.136816
0.235937
0.669531
0.455859
0.665527
0.654883
0.674805
0.669922
0.656445
0.683691
0.667480
0.375195
0.298145
0.168457
0.156738
0.382617
0.296484
0.523926
0.667480
0.658008
0.548828
0.659961
0.602051
0.461621
0.171582
