0.245898
0.321191
0.266601
0.361328
0.603809
0.480957
0.404297
0.408594
0.132617
0.187500
0.580957
0.425195
0.605468
0.597461
0.671484
0.671875
0.656641
0.675684
0.244141
0.277734
0.255762
0.671680
0.512695
0.514649
0.569336
0.454102
0.353516
0.578711
0.418945
0.260254
0.350586
0.130860
0.433301
0.381348
0.668946
0.669922
0.481446
0.529102
0.439355
0.384765
0.571680
0.485156
0.486035
0.308301
0.253125
0.124023
0.132812
0.666797
0.646289
0.642871
0.657226
0.660937
0.662110
0.662109
0.603516
0.514648
0.477734
0.360352
0.392773
0.346875
0.138281
0.152344
0.400879
0.662109
0.663965
0.644922
0.588867
0.670312
0.670899
0.458008
0.667969
0.641602
0.369140
0.512695
0.373242
0.413867
0.156250
0.632812
0.665039
0.656836
0.474121
0.600293
0.664453
0.654297
0.497070
0.671875
0.666015
0.509766
0.439453
0.373046
0.432031
0.153320
0.657227
0.704102
0.639551
0.674902
0.658789
0.658203
0.631836
0.665039
0.669921
0.474023
0.672656
0.460352
0.670898
0.340527
0.650098
0.487695
0.653320
0.646387
0.659961
0.649023
0.634180
0.315723
0.458007
0.362012
0.538965
0.425488
0.490918
0.268164
0.343164
0.260156
0.659961
0.654492
0.655273
0.641211
0.669922
0.426660
0.681348
0.673926
0.508691
0.409668
0.201465
0.154395
0.233008
0.665625
0.557422
0.660645
0.664648
0.661133
0.668945
0.651563
0.677832
0.668457
0.362500
0.305957
0.176270
0.154785
0.431445
0.362891
0.589355
0.656738
0.655078
0.575195
0.676562
0.446777
0.490918
0.176465
