0.638671 0.644531 0.666993 0.278516 0.586035 0.579199 0.537109 0.170898 0.228516 0.297656 0.304199 0.598926 0.522070 0.481446 0.595801 0.647266 0.647461 0.478906 0.671289 0.666016 0.593750 0.588867
0.653320 0.666015 0.486621 0.500098 0.668066 0.686719 0.672363 0.073340 0.312305 0.180176 0.288281 0.408203 0.362305 0.232421 0.391601 0.661328 0.667090 0.326855 0.667773 0.666016 0.381836 0.491211
0.378809 0.206054 0.367188 0.663184 0.666016 0.596484 0.655078 0.143555 0.150391 0.174512 0.446973 0.669727 0.358887 0.263672 0.444336 0.651074 0.670312 0.620703 0.670410 0.667578 0.339843 0.193360
0.659668 0.378906 0.675488 0.659180 0.654297 0.596484 0.556543 0.167676 0.316406 0.296777 0.597168 0.532031 0.629883 0.560547 0.521484 0.649805 0.457422 0.447363 0.676367 0.667871 0.547754 0.369140
0.664062 0.667871 0.515820 0.652930 0.645312 0.555078 0.665039 0.346484 0.240137 0.306445 0.673828 0.664355 0.170801 0.234961 0.573145 0.644531 0.658008 0.586523 0.665820 0.453906 0.472656 0.247168
0.629492 0.655273 0.662891 0.648828 0.629004 0.632617 0.657129 0.297754 0.143945 0.212891 0.672852 0.660156 0.404687 0.467285 0.275488 0.663965 0.654492 0.668750 0.573828 0.624609 0.596289 0.199121
0.486328 0.649414 0.674805 0.555078 0.361914 0.668652 0.663477 0.188476 0.394531 0.371094 0.346680 0.290820 0.178711 0.487988 0.666602 0.425586 0.640625 0.640137 0.667480 0.525391 0.324219 0.491992
0.521094 0.650390 0.627344 0.666993 0.488867 0.646289 0.639258 0.274414 0.318164 0.448242 0.640430 0.621094 0.473047 0.401758 0.660156 0.647070 0.666602 0.658789 0.658691 0.659766 0.660645 0.531543
0.321289 0.432617 0.663085 0.585938 0.578613 0.669629 0.643555 0.428027 0.581641 0.654297 0.666895 0.401367 0.246094 0.547852 0.660157 0.428125 0.664062 0.673828 0.668750 0.561914 0.683594 0.666797
0.223633 0.193360 0.632812 0.401172 0.379883 0.522461 0.659961 0.361816 0.367188 0.640625 0.588867 0.129883 0.403320 0.447265 0.406250 0.283496 0.601465 0.626953 0.430664 0.491504 0.668262 0.501660
0.278321 0.169922 0.416992 0.490332 0.499805 0.279395 0.367188 0.605469 0.666406 0.658789 0.664453 0.495117 0.262695 0.412109 0.669921 0.344726 0.663770 0.668164 0.667773 0.673438 0.575586 0.452734
0.339844 0.328906 0.490235 0.458008 0.469141 0.313476 0.371191 0.675195 0.657129 0.674804 0.675586 0.339062 0.412110 0.328125 0.512109 0.660840 0.676855 0.669043 0.687012 0.668457 0.663379 0.275098
0.203125 0.152343 0.286133 0.552246 0.666113 0.483398 0.000000 0.323047 0.475586 0.553223 0.428418 0.412109 0.613281 0.452148 0.601367 0.547754 0.660059 0.666504 0.665723 0.684082 0.601367 0.475488
0.276270 0.250976 0.283203 0.268945 0.458887 0.175781 0.416699 0.505469 0.531641 0.433593 0.440137 0.257031 0.240234 0.237305 0.669336 0.591504 0.464355 0.596875 0.524121 0.542969 0.459961 0.512696
0.207032 0.288086 0.242188 0.279785 0.275390 0.365332 0.271875 0.387500 0.301270 0.311523 0.385937 0.581250 0.418164 0.324218 0.642578 0.652051 0.663379 0.657520 0.645508 0.370508 0.279199 0.425879
0.281250 0.357422 0.511719 0.210937 0.181836 0.232324 0.444727 0.456055 0.552539 0.549805 0.666016 0.594336 0.664844 0.572656 0.589551 0.428320 0.435645 0.675293 0.657129 0.663672 0.483594 0.629004
