0.159961
0.266504
0.239257
0.390625
0.597949
0.519043
0.517578
0.553125
0.158008
0.112304
0.397363
0.362695
0.531250
0.593555
0.663672
0.614258
0.576562
0.672754
0.247070
0.339258
0.167871
0.533984
0.392578
0.565430
0.563477
0.543945
0.390625
0.487891
0.526367
0.298340
0.386718
0.143555
0.439160
0.358887
0.671875
0.670898
0.644532
0.666797
0.494043
0.427734
0.423242
0.549609
0.497754
0.370801
0.269727
0.133789
0.057617
0.667773
0.630664
0.642871
0.658203
0.600391
0.660157
0.660156
0.669922
0.540039
0.551953
0.460938
0.512891
0.378125
0.181250
0.120117
0.405762
0.666016
0.668848
0.663477
0.341797
0.674219
0.668946
0.465820
0.653320
0.670899
0.534179
0.553711
0.447461
0.527148
0.125976
0.491211
0.672852
0.657813
0.511230
0.496777
0.659570
0.662109
0.307617
0.586914
0.657226
0.581055
0.528320
0.494140
0.557031
0.056640
0.666992
0.634766
0.636621
0.682715
0.661719
0.665039
0.643555
0.663086
0.664062
0.525781
0.670703
0.554102
0.665039
0.356152
0.480176
0.530664
0.655273
0.648340
0.658984
0.665625
0.567773
0.382129
0.443359
0.301465
0.495020
0.484082
0.663770
0.382422
0.233789
0.243555
0.627734
0.669141
0.603516
0.662695
0.669922
0.288965
0.571973
0.670020
0.454004
0.357910
0.228809
0.211035
0.197852
0.550391
0.395313
0.664551
0.657813
0.667969
0.611328
0.644727
0.661230
0.646973
0.350781
0.385059
0.219238
0.104004
0.349414
0.305273
0.639160
0.655762
0.647266
0.683593
0.665820
0.527832
0.497754
0.240918
