0.614062 0.610156 0.582812 0.539551 0.483594 0.604492 0.001562 0.572168 0.534863 0.475781 0.577344 0.517383 0.375586 0.501270 0.405469 0.409961 0.455957 0.450879 0.479199 0.442676 0.431348 0.522559 0.357324 0.478223 0.533887 0.514746 0.490234 0.518652 0.479199 0.544531 0.488770 0.498926
0.583496 0.534375 0.520801 0.510742 0.461914 0.633203 0.457715 0.550098 0.481836 0.505469 0.569238 0.534473 0.428516 0.547656 0.490332 0.464453 0.385547 0.412695 0.482227 0.441406 0.408301 0.529492 0.467187 0.454688 0.493555 0.556152 0.543555 0.576367 0.506348 0.513867 0.518652 0.511719
0.001074 0.613086 0.534375 0.536133 0.479004 0.630176 0.474023 0.558984 0.000293 0.543848 0.612598 0.580566 0.520410 0.574609 0.518848 0.479395 0.520117 0.459961 0.553906 0.420996 0.471387 0.470898 0.492969 0.504785 0.551367 0.539160 0.490332 0.540430 0.534473 0.580371 0.415527 0.520117
0.549121 0.617871 0.475586 0.553809 0.420410 0.519238 0.429785 0.508203 0.334375 0.457715 0.405273 0.430664 0.343945 0.352930 0.401172 0.344043 0.241895 0.313281 0.381934 0.371289 0.420605 0.390137 0.475000 0.339551 0.486133 0.653809 0.475488 0.577637 0.416504 0.567285 0.387988 0.560742
0.623047 0.526172 0.622461 0.554102 0.000000 0.574023 0.610645 0.560156 0.374023 0.428320 0.437402 0.390723 0.410352 0.380957 0.335938 0.082812 0.468457 0.434473 0.562793 0.478223 0.565430 0.566406 0.608008 0.547168 0.503418 0.511719 0.553516 0.486230 0.439453 0.618945 0.514844 0.591602
0.622070 0.564258 0.612695 0.610645 0.599707 0.629395 0.580078 0.605566 0.386133 0.427734 0.570215 0.388184 0.414062 0.433203 0.317285 0.304297 0.458008 0.517188 0.561621 0.493652 0.598828 0.522363 0.588770 0.582422 0.466699 0.553906 0.567969 0.526660 0.482324 0.614258 0.546777 0.579980
0.573926 0.569043 0.578906 0.576855 0.570020 0.602344 0.588184 0.590723 0.484766 0.484082 0.565430 0.393652 0.407129 0.430273 0.315234 0.241211 0.488281 0.564844 0.596777 0.564258 0.613672 0.597949 0.617285 0.603711 0.501367 0.555371 0.529004 0.585742 0.430762 0.626074 0.524316 0.590234
0.585547 0.566895 0.569141 0.593066 0.524707 0.585645 0.510938 0.515723 0.149609 0.341113 0.356445 0.280957 0.312695 0.182422 0.251172 0.034570 0.369141 0.395410 0.560742 0.495703 0.557324 0.516797 0.548340 0.495508 0.344727 0.462402 0.405078 0.559277 0.334375 0.580273 0.474805 0.545703
0.577344 0.502832 0.574609 0.552832 0.511816 0.562695 0.519238 0.500781 0.431836 0.455176 0.472754 0.457031 0.434180 0.389062 0.453516 0.388867 0.526172 0.547656 0.576270 0.596680 0.522949 0.567773 0.539551 0.525000 0.474512 0.559082 0.519434 0.605566 0.514062 0.580469 0.573926 0.584863
0.591895 0.518652 0.566504 0.538184 0.473242 0.582031 0.515723 0.503125 0.387793 0.429785 0.480469 0.439453 0.410938 0.469824 0.505469 0.491797 0.465332 0.537109 0.575977 0.566797 0.470801 0.537988 0.492285 0.510938 0.446484 0.558496 0.539062 0.584961 0.522461 0.530762 0.567480 0.400586
0.597461 0.580566 0.481641 0.491406 0.501855 0.566406 0.565723 0.448535 0.445410 0.562695 0.526172 0.500781 0.454492 0.493945 0.460645 0.459766 0.524121 0.576270 0.584082 0.562891 0.517676 0.582129 0.500098 0.535059 0.489258 0.556055 0.521094 0.564746 0.578516 0.536621 0.580371 0.521777
0.518066 0.524512 0.385352 0.524219 0.356348 0.519629 0.497461 0.426172 0.329102 0.361816 0.337695 0.455957 0.363672 0.350488 0.375391 0.358984 0.408691 0.482227 0.580078 0.528418 0.000000 0.497754 0.438867 0.461328 0.003320 0.523828 0.006445 0.627734 0.484766 0.561914 0.466992 0.461523
0.504687 0.493457 0.427930 0.537988 0.446484 0.489453 0.365625 0.419141 0.534277 0.572363 0.549707 0.500684 0.538867 0.503809 0.562891 0.507324 0.447559 0.490723 0.462695 0.419336 0.540820 0.500586 0.530078 0.470313 0.498340 0.561719 0.498633 0.567285 0.000000 0.592773 0.522559 0.515820
0.515625 0.574414 0.451172 0.575098 0.437891 0.595996 0.436816 0.435840 0.542871 0.530078 0.593066 0.404395 0.505762 0.570703 0.510840 0.521289 0.476172 0.520508 0.468164 0.398340 0.505859 0.463281 0.547363 0.448047 0.413867 0.565625 0.505957 0.602441 0.597559 0.580957 0.589648 0.566797
0.508691 0.530176 0.503125 0.552930 0.370410 0.599219 0.393945 0.495312 0.575977 0.579590 0.584668 0.440332 0.518359 0.564063 0.539648 0.535352 0.509766 0.578320 0.495703 0.502930 0.513184 0.523535 0.548438 0.451660 0.494824 0.613477 0.474609 0.593652 0.547363 0.602734 0.619629 0.604395
0.483008 0.539941 0.305078 0.521191 0.351562 0.602344 0.247266 0.432031 0.562012 0.523633 0.526074 0.450684 0.476758 0.428711 0.550977 0.440234 0.454004 0.504883 0.473047 0.418750 0.513379 0.521191 0.494336 0.475879 0.454590 0.574414 0.461816 0.635059 0.426270 0.525098 0.591113 0.529004
0.532422 0.564746 0.471875 0.560840 0.418945 0.540820 0.455371 0.390527 0.423145 0.474609 0.416797 0.440234 0.349902 0.332129 0.470508 0.378125 0.397070 0.446875 0.490234 0.344922 0.471680 0.423047 0.442578 0.487891 0.399512 0.577930 0.384277 0.611328 0.368164 0.561426 0.531641 0.370605
0.562793 0.558008 0.506641 0.577441 0.451172 0.591211 0.484473 0.524512 0.482031 0.486914 0.569824 0.360352 0.531152 0.475000 0.570312 0.452539 0.496875 0.479980 0.525391 0.488477 0.441406 0.515625 0.471875 0.445117 0.430859 0.571289 0.499707 0.608887 0.443066 0.544434 0.575293 0.483301
0.566406 0.564844 0.511621 0.569727 0.479199 0.615918 0.460156 0.566113 0.495312 0.523145 0.520605 0.342578 0.437109 0.501465 0.483105 0.531641 0.393848 0.516797 0.483984 0.518945 0.413086 0.552051 0.460645 0.443750 0.405176 0.571973 0.515625 0.584863 0.497559 0.490039 0.519531 0.438574
0.561328 0.481152 0.450098 0.515625 0.431543 0.560254 0.381836 0.472363 0.436621 0.448926 0.353809 0.448535 0.299707 0.492285 0.381445 0.398730 0.306836 0.499219 0.405664 0.461328 0.415820 0.485742 0.335254 0.372754 0.350000 0.513281 0.370801 0.559277 0.372363 0.594531 0.424902 0.493359
0.574707 0.494824 0.535645 0.525488 0.505273 0.535547 0.415527 0.460742 0.471484 0.503125 0.387402 0.467187 0.464844 0.411035 0.469531 0.418555 0.467187 0.527637 0.546973 0.497754 0.481348 0.491895 0.432324 0.419531 0.411816 0.557324 0.359668 0.563770 0.351074 0.559180 0.484375 0.515137
0.563086 0.465820 0.561426 0.510645 0.476953 0.518555 0.517773 0.441504 0.358398 0.422949 0.406641 0.466211 0.394336 0.410352 0.506836 0.403906 0.427051 0.528223 0.490918 0.394629 0.460840 0.543457 0.468066 0.509863 0.365430 0.520020 0.393750 0.555371 0.417383 0.590820 0.525977 0.491016
0.570801 0.510938 0.598340 0.536816 0.547168 0.571191 0.529004 0.498828 0.490625 0.504590 0.422461 0.509863 0.386328 0.517383 0.465332 0.506445 0.396973 0.586914 0.378125 0.568457 0.400879 0.544141 0.376270 0.446777 0.497852 0.592090 0.476270 0.579688 0.468066 0.559473 0.467480 0.517871
0.541406 0.494043 0.570605 0.474707 0.559961 0.509473 0.444727 0.429883 0.433008 0.443164 0.425293 0.414648 0.399219 0.428320 0.438965 0.451660 0.336719 0.514355 0.316211 0.459473 0.393262 0.530957 0.456055 0.440332 0.002539 0.002539 0.502637 0.000000 0.565137 0.602051 0.434961 0.548145
0.582812 0.532324 0.570215 0.570703 0.483105 0.557422 0.496973 0.523926 0.481348 0.443555 0.518164 0.454980 0.530078 0.520117 0.456055 0.390234 0.482812 0.426074 0.468359 0.441895 0.498535 0.479980 0.499414 0.430273 0.408691 0.389062 0.457715 0.523340 0.425391 0.565527 0.492969 0.577051
0.575293 0.515039 0.561816 0.582031 0.445508 0.627930 0.444043 0.556934 0.474023 0.543066 0.536523 0.451074 0.553711 0.562109 0.547852 0.509277 0.499219 0.447559 0.513086 0.355762 0.473438 0.527734 0.563379 0.509961 0.517773 0.519336 0.572754 0.586133 0.516211 0.561621 0.588379 0.619727
0.624609 0.564258 0.614355 0.596875 0.495996 0.617188 0.517578 0.545117 0.522949 0.465527 0.567871 0.515723 0.561621 0.620020 0.397266 0.501270 0.495898 0.509473 0.557227 0.598340 0.563379 0.538281 0.546973 0.528418 0.473145 0.464453 0.542871 0.535352 0.477832 0.487500 0.501270 0.575000
0.541309 0.497461 0.512793 0.503223 0.512598 0.584082 0.450488 0.617871 0.001758 0.486230 0.496289 0.439258 0.499414 0.558984 0.439063 0.493457 0.464355 0.422461 0.464355 0.430078 0.484082 0.485352 0.492383 0.462402 0.444629 0.493652 0.493848 0.597461 0.392285 0.600488 0.455859 0.632324
0.609863 0.580469 0.597656 0.565527 0.482520 0.559668 0.655664 0.602246 0.457715 0.520898 0.505371 0.431348 0.480273 0.466211 0.003516 0.424414 0.514355 0.516113 0.557227 0.514160 0.569727 0.500977 0.548926 0.579297 0.534766 0.519727 0.569434 0.561914 0.503613 0.594434 0.555566 0.569238
0.575098 0.532813 0.550977 0.537988 0.463867 0.591309 0.569824 0.529492 0.496484 0.551367 0.553027 0.508594 0.353906 0.564648 0.533887 0.460840 0.518164 0.499707 0.586719 0.467285 0.478906 0.532227 0.491797 0.480469 0.529297 0.541211 0.523438 0.558594 0.589648 0.541797 0.525098 0.512500
0.627637 0.603711 0.589746 0.599023 0.569434 0.613086 0.512500 0.501270 0.535254 0.554199 0.572363 0.541797 0.441211 0.624805 0.444922 0.552539 0.564746 0.518359 0.552930 0.548926 0.437891 0.604199 0.529980 0.586719 0.517188 0.575195 0.501953 0.594629 0.569043 0.574219 0.570117 0.542188
0.599316 0.522949 0.605078 0.528613 0.549902 0.547168 0.505176 0.489258 0.474609 0.493555 0.430859 0.552930 0.369043 0.516016 0.424609 0.468262 0.477637 0.468457 0.475977 0.534668 0.421094 0.561719 0.438184 0.593457 0.506250 0.578223 0.489160 0.569434 0.541406 0.531055 0.519043 0.490332
