0.631836 0.620117 0.606445 0.543945 0.526367 0.629883 0.010742 0.584961 0.559570 0.498047 0.596680 0.532227 0.385742 0.532227 0.442383 0.470703 0.496094 0.469727 0.494141 0.483398 0.461914 0.546875 0.373047 0.494141 0.555664 0.516602 0.487305 0.540039 0.501953 0.558594 0.514648 0.544922
0.592773 0.569336 0.559570 0.535156 0.526367 0.642578 0.514648 0.583008 0.526367 0.547852 0.604492 0.581055 0.485352 0.565430 0.525391 0.499023 0.457031 0.473633 0.532227 0.481445 0.454102 0.555664 0.505859 0.478516 0.527344 0.577148 0.528320 0.585938 0.536133 0.562500 0.569336 0.509766
0.004883 0.625977 0.545898 0.567383 0.508789 0.624023 0.524414 0.588867 0.002930 0.553711 0.601562 0.578125 0.524414 0.574219 0.568359 0.495117 0.519531 0.464844 0.563477 0.456055 0.486328 0.477539 0.462891 0.517578 0.541992 0.552734 0.498047 0.541016 0.549805 0.570312 0.409180 0.561523
0.583008 0.627930 0.532227 0.559570 0.483398 0.568359 0.488281 0.553711 0.413086 0.507812 0.481445 0.493164 0.407227 0.410156 0.435547 0.393555 0.291992 0.383789 0.391602 0.407227 0.457031 0.405273 0.502930 0.352539 0.497070 0.664062 0.472656 0.581055 0.445312 0.583008 0.415039 0.559570
0.636719 0.531250 0.642578 0.577148 -0.000000 0.601562 0.623047 0.563477 0.428711 0.484375 0.472656 0.389648 0.416992 0.392578 0.369141 0.161133 0.464844 0.433594 0.573242 0.458984 0.577148 0.551758 0.593750 0.550781 0.492188 0.525391 0.561523 0.505859 0.437500 0.625000 0.525391 0.608398
0.605469 0.581055 0.604492 0.601562 0.618164 0.622070 0.588867 0.598633 0.449219 0.467773 0.611328 0.466797 0.468750 0.476562 0.335938 0.310547 0.450195 0.507812 0.545898 0.480469 0.597656 0.540039 0.590820 0.602539 0.438477 0.553711 0.553711 0.525391 0.487305 0.596680 0.556641 0.570312
0.581055 0.576172 0.584961 0.586914 0.589844 0.625000 0.612305 0.589844 0.535156 0.479492 0.550781 0.396484 0.452148 0.433594 0.302734 0.270508 0.477539 0.550781 0.599609 0.558594 0.617188 0.591797 0.598633 0.592773 0.487305 0.566406 0.503906 0.584961 0.397461 0.627930 0.546875 0.577148
0.611328 0.580078 0.596680 0.594727 0.563477 0.596680 0.503906 0.516602 0.210938 0.393555 0.409180 0.321289 0.343750 0.205078 0.248047 0.054688 0.346680 0.367188 0.545898 0.438477 0.537109 0.503906 0.565430 0.486328 0.279297 0.432617 0.393555 0.541992 0.302734 0.555664 0.483398 0.524414
0.592773 0.524414 0.589844 0.562500 0.537109 0.576172 0.525391 0.507812 0.459961 0.437500 0.463867 0.414062 0.400391 0.391602 0.409180 0.384766 0.506836 0.541992 0.566406 0.590820 0.490234 0.575195 0.520508 0.541016 0.426758 0.541016 0.479492 0.569336 0.506836 0.578125 0.565430 0.533203
0.616211 0.536133 0.563477 0.544922 0.478516 0.594727 0.501953 0.529297 0.383789 0.449219 0.498047 0.423828 0.387695 0.478516 0.480469 0.490234 0.439453 0.520508 0.559570 0.546875 0.477539 0.552734 0.515625 0.532227 0.422852 0.550781 0.504883 0.552734 0.511719 0.502930 0.554688 0.347656
0.597656 0.602539 0.512695 0.526367 0.519531 0.574219 0.581055 0.455078 0.423828 0.537109 0.503906 0.458984 0.462891 0.472656 0.458984 0.406250 0.529297 0.566406 0.581055 0.574219 0.511719 0.583984 0.522461 0.546875 0.472656 0.549805 0.500977 0.554688 0.551758 0.529297 0.569336 0.517578
0.517578 0.543945 0.375000 0.529297 0.338867 0.549805 0.458008 0.421875 0.296875 0.373047 0.327148 0.417969 0.328125 0.306641 0.335938 0.339844 0.368164 0.458008 0.566406 0.513672 0.008789 0.497070 0.456055 0.472656 -0.000977 0.509766 0.000977 0.606445 0.440430 0.545898 0.432617 0.427734
0.502930 0.508789 0.423828 0.535156 0.458984 0.499023 0.409180 0.427734 0.562500 0.583008 0.541992 0.470703 0.508789 0.497070 0.560547 0.517578 0.436523 0.484375 0.429688 0.377930 0.541992 0.499023 0.529297 0.458008 0.484375 0.558594 0.478516 0.558594 -0.000000 0.585938 0.514648 0.467773
0.523438 0.591797 0.502930 0.601562 0.439453 0.611328 0.466797 0.477539 0.558594 0.525391 0.604492 0.403320 0.505859 0.588867 0.541992 0.544922 0.491211 0.541016 0.491211 0.381836 0.487305 0.484375 0.526367 0.459961 0.407227 0.568359 0.484375 0.584961 0.588867 0.575195 0.604492 0.560547
0.529297 0.542969 0.492188 0.561523 0.403320 0.611328 0.400391 0.489258 0.582031 0.588867 0.611328 0.467773 0.522461 0.560547 0.539062 0.529297 0.487305 0.541992 0.478516 0.461914 0.532227 0.528320 0.543945 0.478516 0.457031 0.610352 0.436523 0.583008 0.528320 0.576172 0.594727 0.582031
0.458984 0.565430 0.342773 0.534180 0.375000 0.610352 0.262695 0.451172 0.568359 0.553711 0.510742 0.455078 0.465820 0.477539 0.521484 0.444336 0.439453 0.491211 0.450195 0.417969 0.500000 0.508789 0.446289 0.486328 0.394531 0.583008 0.420898 0.607422 0.406250 0.496094 0.559570 0.507812
0.547852 0.566406 0.477539 0.562500 0.443359 0.515625 0.441406 0.392578 0.422852 0.467773 0.399414 0.404297 0.321289 0.314453 0.453125 0.384766 0.416992 0.412109 0.455078 0.342773 0.451172 0.410156 0.413086 0.466797 0.341797 0.569336 0.373047 0.612305 0.343750 0.546875 0.492188 0.342773
0.587891 0.565430 0.500000 0.564453 0.466797 0.591797 0.478516 0.545898 0.493164 0.521484 0.572266 0.367188 0.541992 0.510742 0.556641 0.430664 0.483398 0.439453 0.503906 0.465820 0.418945 0.493164 0.463867 0.417969 0.397461 0.551758 0.500977 0.605469 0.442383 0.525391 0.564453 0.449219
0.600586 0.583008 0.496094 0.561523 0.479492 0.605469 0.426758 0.573242 0.479492 0.500000 0.490234 0.354492 0.382812 0.498047 0.439453 0.514648 0.356445 0.528320 0.458008 0.462891 0.382812 0.511719 0.431641 0.442383 0.386719 0.558594 0.501953 0.558594 0.496094 0.489258 0.488281 0.423828
0.561523 0.478516 0.436523 0.484375 0.396484 0.556641 0.342773 0.458008 0.431641 0.466797 0.367188 0.433594 0.327148 0.513672 0.362305 0.397461 0.284180 0.454102 0.380859 0.444336 0.387695 0.461914 0.297852 0.344727 0.317383 0.478516 0.379883 0.560547 0.340820 0.590820 0.374023 0.455078
0.593750 0.500000 0.562500 0.541992 0.514648 0.530273 0.451172 0.492188 0.509766 0.503906 0.418945 0.478516 0.458984 0.413086 0.458984 0.400391 0.432617 0.486328 0.530273 0.480469 0.445312 0.498047 0.431641 0.413086 0.390625 0.526367 0.342773 0.532227 0.307617 0.523438 0.449219 0.448242
0.575195 0.468750 0.555664 0.497070 0.466797 0.521484 0.526367 0.450195 0.416992 0.437500 0.420898 0.497070 0.383789 0.443359 0.499023 0.401367 0.394531 0.544922 0.428711 0.387695 0.431641 0.515625 0.410156 0.515625 0.385742 0.520508 0.395508 0.545898 0.423828 0.585938 0.490234 0.471680
0.570312 0.508789 0.597656 0.520508 0.549805 0.581055 0.531250 0.521484 0.503906 0.504883 0.458008 0.495117 0.407227 0.513672 0.440430 0.471680 0.392578 0.554688 0.338867 0.521484 0.364258 0.543945 0.376953 0.452148 0.474609 0.579102 0.483398 0.564453 0.429688 0.532227 0.407227 0.470703
0.550781 0.505859 0.564453 0.483398 0.537109 0.518555 0.423828 0.438477 0.444336 0.454102 0.444336 0.395508 0.390625 0.417969 0.406250 0.424805 0.289062 0.488281 0.316406 0.419922 0.384766 0.490234 0.416016 0.449219 -0.002930 -0.001953 0.480469 -0.024414 0.533203 0.572266 0.396484 0.494141
0.576172 0.534180 0.545898 0.579102 0.427734 0.549805 0.468750 0.536133 0.459961 0.455078 0.521484 0.422852 0.527344 0.505859 0.435547 0.357422 0.438477 0.363281 0.444336 0.359375 0.469727 0.439453 0.490234 0.416992 0.402344 0.395508 0.481445 0.506836 0.409180 0.517578 0.462891 0.537109
0.589844 0.511719 0.554688 0.601562 0.421875 0.631836 0.445312 0.568359 0.493164 0.541016 0.556641 0.453125 0.532227 0.600586 0.484375 0.488281 0.475586 0.423828 0.495117 0.302734 0.469727 0.511719 0.564453 0.493164 0.501953 0.488281 0.558594 0.543945 0.500977 0.498047 0.571289 0.579102
0.611328 0.580078 0.598633 0.604492 0.499023 0.614258 0.533203 0.555664 0.505859 0.454102 0.597656 0.544922 0.557617 0.612305 0.377930 0.494141 0.481445 0.460938 0.561523 0.569336 0.520508 0.540039 0.524414 0.542969 0.459961 0.462891 0.543945 0.535156 0.442383 0.441406 0.449219 0.585938
0.537109 0.512695 0.486328 0.505859 0.480469 0.572266 0.443359 0.632812 -0.002930 0.513672 0.462891 0.407227 0.488281 0.551758 0.388672 0.440430 0.444336 0.353516 0.450195 0.392578 0.499023 0.452148 0.468750 0.459961 0.445312 0.469727 0.468750 0.578125 0.339844 0.573242 0.406250 0.596680
0.595703 0.589844 0.563477 0.582031 0.475586 0.560547 0.663086 0.618164 0.464844 0.530273 0.538086 0.444336 0.474609 0.463867 0.000977 0.404297 0.501953 0.470703 0.538086 0.482422 0.558594 0.508789 0.536133 0.582031 0.554688 0.555664 0.575195 0.556641 0.537109 0.572266 0.507812 0.529297
0.582031 0.587891 0.564453 0.553711 0.486328 0.590820 0.577148 0.520508 0.506836 0.539062 0.550781 0.500977 0.389648 0.567383 0.500977 0.447266 0.505859 0.482422 0.580078 0.452148 0.487305 0.540039 0.494141 0.489258 0.513672 0.519531 0.508789 0.534180 0.551758 0.511719 0.522461 0.541016
0.632812 0.569336 0.616211 0.581055 0.547852 0.582031 0.513672 0.525391 0.534180 0.557617 0.546875 0.562500 0.434570 0.619141 0.419922 0.532227 0.545898 0.524414 0.545898 0.557617 0.427734 0.617188 0.532227 0.586914 0.525391 0.591797 0.479492 0.579102 0.548828 0.544922 0.570312 0.530273
0.602539 0.571289 0.589844 0.530273 0.568359 0.550781 0.510742 0.504883 0.468750 0.514648 0.420898 0.537109 0.379883 0.542969 0.408203 0.461914 0.448242 0.473633 0.474609 0.518555 0.433594 0.569336 0.421875 0.595703 0.478516 0.577148 0.466797 0.557617 0.530273 0.512695 0.519531 0.482422
