0.124805 0.116992 0.147266 0.230957 0.279492 0.111328 0.002539 0.177637 0.241895 0.345898 0.190625 0.277148 0.498633 0.282520 0.440625 0.385547 0.326074 0.357129 0.298535 0.339160 0.382520 0.242285 0.499902 0.304395 0.237988 0.281348 0.310547 0.242285 0.286816 0.218359 0.275879 0.263574
0.159668 0.207227 0.218066 0.241211 0.279297 0.090234 0.286816 0.187793 0.294336 0.264258 0.171777 0.231738 0.336719 0.209766 0.276465 0.324805 0.363086 0.354102 0.270313 0.333984 0.395605 0.227734 0.306055 0.319922 0.258203 0.194824 0.248633 0.167187 0.233887 0.219922 0.205176 0.289062
0.000098 0.113086 0.240430 0.200195 0.297363 0.118457 0.290430 0.195703 0.000293 0.250879 0.174121 0.196777 0.296777 0.218164 0.249316 0.336816 0.275000 0.346680 0.212109 0.383887 0.345410 0.347852 0.351367 0.275293 0.241797 0.222754 0.312598 0.231836 0.234668 0.181934 0.422363 0.219336
0.193652 0.116895 0.266602 0.206152 0.338379 0.207715 0.355566 0.250391 0.487695 0.322949 0.381836 0.357422 0.499219 0.455469 0.435352 0.457324 0.592480 0.464648 0.438574 0.437695 0.377637 0.437988 0.302148 0.503613 0.309375 0.071777 0.325098 0.167480 0.352051 0.157129 0.392871 0.204297
0.109375 0.255664 0.106836 0.191797 0.000000 0.159961 0.126270 0.195898 0.403320 0.341406 0.351465 0.460059 0.425000 0.463965 0.520508 0.673633 0.318066 0.361230 0.168262 0.322949 0.168945 0.192383 0.136328 0.211230 0.294434 0.272461 0.204883 0.277246 0.365234 0.113086 0.256055 0.138477
0.133789 0.187305 0.137109 0.124316 0.122168 0.097168 0.160156 0.139746 0.382227 0.368164 0.147363 0.373535 0.341797 0.311133 0.511621 0.521094 0.321289 0.250586 0.196387 0.295410 0.133008 0.216699 0.129785 0.124414 0.367090 0.216016 0.201758 0.238574 0.288965 0.130859 0.200098 0.176660
0.166699 0.205762 0.174609 0.163770 0.155957 0.123828 0.145801 0.152246 0.270898 0.334668 0.199219 0.450293 0.388574 0.378516 0.551562 0.606445 0.285156 0.208398 0.135840 0.188281 0.111719 0.143848 0.133887 0.127148 0.296289 0.198926 0.272168 0.167773 0.399512 0.109473 0.230371 0.170313
0.153906 0.182129 0.172656 0.156543 0.214160 0.149121 0.272656 0.256934 0.675000 0.464160 0.441406 0.560254 0.520703 0.678516 0.620313 0.670312 0.471680 0.443262 0.199414 0.345313 0.210645 0.263867 0.186035 0.276758 0.574219 0.354980 0.421680 0.204785 0.519922 0.190625 0.305859 0.241016
0.175000 0.287012 0.173242 0.221777 0.272559 0.196484 0.252637 0.286914 0.353711 0.376074 0.314551 0.376953 0.398047 0.421289 0.363672 0.421094 0.273242 0.229297 0.185645 0.152344 0.272949 0.174219 0.245605 0.233008 0.333887 0.201660 0.257715 0.149512 0.250391 0.164453 0.158887 0.193262
0.161230 0.273535 0.233496 0.232520 0.329688 0.177734 0.283301 0.283398 0.451270 0.366309 0.253906 0.364258 0.401172 0.302832 0.286719 0.256445 0.358887 0.257812 0.188281 0.187891 0.297949 0.201074 0.277441 0.226758 0.370312 0.187402 0.234375 0.168945 0.245117 0.251465 0.188574 0.448437
0.176563 0.183105 0.298047 0.300000 0.291895 0.193359 0.193652 0.377246 0.378027 0.233594 0.269336 0.316211 0.335352 0.302539 0.336621 0.364063 0.243848 0.170020 0.152441 0.160547 0.257910 0.154395 0.275488 0.203027 0.303711 0.191797 0.255469 0.197559 0.194727 0.230957 0.161426 0.239551
0.286621 0.253027 0.497656 0.271289 0.546777 0.241309 0.343164 0.396875 0.553711 0.451660 0.524219 0.372949 0.532617 0.519434 0.488672 0.470313 0.457520 0.319141 0.164062 0.227637 0.000293 0.270215 0.360742 0.317773 0.000000 0.237695 0.000000 0.114062 0.330469 0.204492 0.337109 0.337500
0.304492 0.297168 0.417187 0.223535 0.353711 0.260937 0.428125 0.362500 0.189551 0.162207 0.208887 0.307324 0.242969 0.274316 0.186914 0.243652 0.336230 0.270996 0.344531 0.421289 0.196094 0.256445 0.240039 0.317969 0.302051 0.213086 0.292578 0.196191 0.000000 0.154297 0.268652 0.278516
0.286133 0.184766 0.311523 0.164941 0.361719 0.110645 0.333301 0.295215 0.191309 0.254688 0.118457 0.412207 0.257715 0.141016 0.228613 0.218555 0.267188 0.216797 0.285547 0.411035 0.250000 0.281641 0.205566 0.334766 0.403125 0.176953 0.289160 0.161035 0.138574 0.163965 0.132617 0.188867
0.280176 0.237207 0.300977 0.217969 0.423145 0.109961 0.420312 0.282422 0.159961 0.158691 0.132520 0.337793 0.244922 0.201758 0.195898 0.217969 0.251953 0.200391 0.276953 0.296875 0.224121 0.212988 0.197852 0.310059 0.320996 0.123242 0.335938 0.169824 0.224121 0.157422 0.127441 0.135645
0.347266 0.215723 0.544336 0.240918 0.473633 0.128711 0.588086 0.350000 0.174316 0.220898 0.266309 0.369629 0.322461 0.337891 0.222852 0.325000 0.324121 0.259766 0.330469 0.367969 0.273145 0.226270 0.318555 0.293262 0.398926 0.169141 0.378809 0.128223 0.386230 0.270215 0.181934 0.245801
0.234570 0.191699 0.311719 0.195605 0.360352 0.237109 0.343066 0.430566 0.403613 0.358398 0.431445 0.433398 0.531543 0.544043 0.342578 0.414258 0.402930 0.356055 0.312500 0.471875 0.335938 0.375195 0.381055 0.314063 0.467871 0.168750 0.446777 0.126953 0.473633 0.203027 0.247461 0.446777
0.187793 0.191797 0.271289 0.193652 0.333984 0.142969 0.312598 0.238379 0.304297 0.290625 0.186035 0.488281 0.229395 0.277734 0.176758 0.353906 0.284961 0.313965 0.243164 0.300000 0.374023 0.247070 0.303906 0.368945 0.411328 0.192383 0.282910 0.134277 0.348340 0.221191 0.177832 0.304590
0.166016 0.185938 0.287012 0.224023 0.315137 0.134473 0.392773 0.200879 0.300000 0.285840 0.311621 0.520312 0.452734 0.288574 0.351270 0.244531 0.443652 0.226758 0.317969 0.282617 0.418945 0.227832 0.341504 0.357812 0.418848 0.198926 0.289062 0.194238 0.281738 0.293750 0.259766 0.370215
0.185352 0.302441 0.356348 0.328125 0.400293 0.185254 0.509766 0.359082 0.390723 0.365918 0.478809 0.405566 0.546777 0.271582 0.462500 0.397754 0.525586 0.298047 0.431055 0.331445 0.420703 0.294336 0.556934 0.482129 0.518945 0.297461 0.445996 0.194043 0.478809 0.155078 0.383887 0.318555
0.156738 0.254590 0.187012 0.210059 0.244531 0.198633 0.357910 0.291797 0.283984 0.271680 0.417676 0.306055 0.329102 0.379785 0.319141 0.368750 0.335352 0.260059 0.240332 0.300488 0.315332 0.279980 0.380566 0.393164 0.418652 0.194043 0.472949 0.174121 0.487793 0.195898 0.291992 0.275879
0.177344 0.319336 0.185449 0.255762 0.288477 0.244141 0.252148 0.363379 0.438477 0.388770 0.391992 0.304102 0.416797 0.374219 0.268555 0.403906 0.392871 0.222559 0.344434 0.410254 0.342676 0.226074 0.377246 0.287207 0.428906 0.231934 0.398633 0.167676 0.350977 0.126953 0.238867 0.261523
0.164551 0.251172 0.122754 0.229199 0.177051 0.167871 0.238965 0.271289 0.282617 0.256543 0.353125 0.277441 0.412695 0.249805 0.338379 0.281836 0.414551 0.183594 0.469922 0.216895 0.433105 0.230664 0.451465 0.356934 0.296680 0.150684 0.283887 0.153906 0.332324 0.182520 0.338574 0.264941
0.214258 0.270410 0.180957 0.295996 0.216211 0.236035 0.373437 0.363477 0.354883 0.368945 0.354980 0.431250 0.412891 0.372656 0.376465 0.356934 0.538867 0.270215 0.540820 0.350098 0.434277 0.274121 0.375000 0.388574 0.000586 0.000586 0.251660 0.000000 0.167676 0.121582 0.366602 0.216113
0.162891 0.236426 0.201074 0.196680 0.340527 0.200977 0.319238 0.225098 0.329980 0.354687 0.252539 0.382715 0.212695 0.250586 0.341797 0.460547 0.342187 0.434863 0.339453 0.408691 0.305176 0.331543 0.293359 0.379492 0.418457 0.410547 0.299512 0.231348 0.384375 0.197363 0.295703 0.200098
0.149512 0.277734 0.204395 0.165039 0.371289 0.086914 0.337598 0.205371 0.273828 0.237402 0.208398 0.341699 0.204102 0.150000 0.253906 0.274902 0.300977 0.367480 0.295312 0.510059 0.346484 0.235742 0.209863 0.285352 0.292187 0.269336 0.180176 0.174023 0.247656 0.216895 0.171387 0.155859
0.110937 0.190234 0.145605 0.159375 0.289941 0.123047 0.250977 0.216992 0.268066 0.345410 0.150879 0.223730 0.170020 0.097559 0.439258 0.260059 0.308398 0.304395 0.199805 0.201855 0.237207 0.231641 0.230566 0.225684 0.335449 0.307227 0.216699 0.188672 0.337207 0.307812 0.309863 0.163867
0.240527 0.308984 0.310645 0.315723 0.314355 0.200293 0.385059 0.124707 0.000781 0.282129 0.312695 0.408984 0.285547 0.202539 0.410742 0.312793 0.354004 0.438086 0.352051 0.412500 0.294629 0.335938 0.328320 0.366699 0.362598 0.299316 0.299512 0.143359 0.476270 0.129785 0.397266 0.143066
0.148926 0.186914 0.200195 0.194434 0.341895 0.216895 0.057031 0.123730 0.305371 0.214258 0.212402 0.335645 0.284961 0.286523 0.000000 0.360938 0.275098 0.297363 0.212500 0.303223 0.193750 0.276367 0.210059 0.169141 0.191992 0.202344 0.147559 0.168359 0.214551 0.145215 0.220605 0.196191
0.179590 0.221289 0.226758 0.230371 0.346680 0.155762 0.188965 0.258008 0.264062 0.193945 0.188770 0.244922 0.414453 0.171094 0.229199 0.316309 0.255469 0.313184 0.168750 0.363770 0.291406 0.238281 0.290625 0.308594 0.222656 0.208203 0.237305 0.177734 0.163867 0.183398 0.234082 0.228320
0.115918 0.192578 0.168848 0.182031 0.227637 0.164844 0.269336 0.273730 0.207129 0.186035 0.163184 0.177539 0.331836 0.089648 0.357031 0.190234 0.199512 0.260547 0.206250 0.197363 0.383203 0.128613 0.245801 0.153125 0.236914 0.136719 0.267578 0.129785 0.178418 0.181641 0.175586 0.235547
0.156934 0.252441 0.170508 0.299121 0.224707 0.227832 0.270801 0.293945 0.281250 0.256250 0.339062 0.205273 0.434473 0.202539 0.390430 0.290527 0.330176 0.315137 0.324609 0.252441 0.380078 0.183789 0.379590 0.162793 0.264062 0.144629 0.287012 0.149512 0.211328 0.215625 0.224121 0.290137
