0.006641 0.015430 0.029102 0.036621 0.022656 0.015625 0.001562 0.021387 0.075879 0.085156 0.053906 0.051562 0.066992 0.035449 0.043164 0.042773 0.032129 0.052441 0.070020 0.088184 0.080762 0.104590 0.116113 0.133496 0.118848 0.114355 0.079102 0.043066 0.014355 0.015234 0.009277 0.015527
0.013184 0.017773 0.013965 0.027344 0.027344 0.006250 0.016309 0.018848 0.030664 0.054297 0.096582 0.098926 0.131641 0.046680 0.033301 0.066016 0.062305 0.072852 0.076953 0.064453 0.075293 0.058789 0.064844 0.086523 0.119531 0.091309 0.070898 0.045117 0.008301 0.018750 0.014746 0.021484
0.000098 0.012500 0.015820 0.007812 0.020020 0.010059 0.034570 0.006250 0.000000 0.051660 0.049121 0.057129 0.079980 0.041406 0.047168 0.034082 0.070898 0.067383 0.055859 0.076270 0.045605 0.033398 0.048633 0.063379 0.052344 0.038184 0.024512 0.022852 0.009082 0.018848 0.011230 0.015234
0.016895 0.007520 0.010742 0.010840 0.005371 0.014355 0.018652 0.010156 0.012109 0.023145 0.026367 0.017578 0.033398 0.019922 0.050586 0.034473 0.096387 0.114062 0.045020 0.065625 0.070020 0.056152 0.118555 0.124707 0.093555 0.017090 0.039941 0.027832 0.009277 0.012598 0.012012 0.016797
0.029297 0.010547 0.012109 0.011133 0.000000 0.010547 0.007129 0.010352 0.029297 0.013281 0.010645 0.031348 0.015820 0.010840 0.009766 0.026172 0.012402 0.015527 0.007129 0.016309 0.013672 0.011719 0.009375 0.016895 0.054199 0.033203 0.006641 0.007715 0.008789 0.006641 0.008008 0.005664
0.009766 0.023242 0.016016 0.012012 0.006934 0.011230 0.017578 0.012793 0.025781 0.018555 0.007715 0.025879 0.016602 0.016211 0.012598 0.012305 0.012695 0.010352 0.008887 0.011230 0.014844 0.012598 0.007715 0.007227 0.018457 0.017773 0.003516 0.009082 0.013574 0.015625 0.008691 0.007715
0.008496 0.029004 0.008594 0.014355 0.008496 0.008594 0.029590 0.017480 0.018945 0.010449 0.009766 0.018652 0.022363 0.020117 0.021289 0.011719 0.013672 0.011133 0.020605 0.028125 0.017969 0.013965 0.011816 0.010937 0.022852 0.016309 0.018262 0.013477 0.012793 0.013770 0.005762 0.005273
0.014258 0.020020 0.007617 0.014941 0.009082 0.017285 0.007031 0.007910 0.009961 0.009082 0.009766 0.008496 0.006055 0.006641 0.015820 0.012109 0.011719 0.009668 0.018750 0.035742 0.042676 0.020703 0.018066 0.009180 0.039062 0.047363 0.020313 0.021191 0.009180 0.023633 0.010937 0.007617
0.009961 0.013574 0.010156 0.009863 0.009863 0.010937 0.009473 0.018359 0.008984 0.014746 0.004980 0.010742 0.010352 0.016016 0.026758 0.021680 0.016406 0.017383 0.012793 0.003906 0.017090 0.036523 0.034668 0.016211 0.049707 0.068848 0.010645 0.004004 0.009180 0.010156 0.010449 0.007715
0.023535 0.015723 0.005957 0.009863 0.004492 0.005859 0.009863 0.010937 0.014746 0.007910 0.005859 0.013672 0.021289 0.019629 0.043555 0.025000 0.019043 0.018555 0.017383 0.014063 0.029395 0.046777 0.060645 0.065625 0.039258 0.067285 0.029297 0.013672 0.004883 0.020996 0.025488 0.013867
0.011523 0.026855 0.014844 0.015820 0.003809 0.005859 0.017871 0.028613 0.006934 0.004102 0.005664 0.006641 0.007227 0.006641 0.022168 0.012500 0.014355 0.022559 0.008887 0.015039 0.016699 0.026465 0.030371 0.046777 0.018555 0.027734 0.009375 0.006152 0.004297 0.008301 0.014941 0.006152
0.023926 0.020605 0.028906 0.004688 0.005762 0.004980 0.019922 0.029687 0.006836 0.009277 0.009570 0.020410 0.021875 0.023340 0.011133 0.018164 0.013184 0.012500 0.004883 0.004004 0.000000 0.020215 0.021875 0.023828 0.000000 0.044336 0.000000 0.000781 0.007227 0.009180 0.003125 0.004492
0.017383 0.024707 0.028516 0.021387 0.013867 0.016797 0.013086 0.019727 0.004980 0.009863 0.002832 0.006543 0.009570 0.010645 0.014063 0.019043 0.011035 0.015137 0.016406 0.009180 0.002734 0.010352 0.016406 0.023047 0.004199 0.021680 0.008398 0.013574 0.000000 0.005859 0.012793 0.005078
0.045898 0.057813 0.042969 0.026270 0.025781 0.018848 0.016895 0.017871 0.011621 0.009570 0.002246 0.003027 0.010645 0.005273 0.008887 0.014453 0.006445 0.011719 0.011133 0.014551 0.003906 0.004297 0.013184 0.006641 0.009570 0.017773 0.011816 0.007715 0.002832 0.007715 0.006641 0.003320
0.041895 0.037988 0.096875 0.051953 0.071582 0.042578 0.058984 0.022656 0.007617 0.003418 0.007520 0.008691 0.017383 0.013281 0.008398 0.006055 0.006836 0.009961 0.010352 0.008789 0.005371 0.009863 0.006445 0.009277 0.004590 0.008008 0.006836 0.003809 0.002441 0.004102 0.006348 0.003809
0.019141 0.016504 0.016992 0.026074 0.042969 0.018359 0.020703 0.008203 0.003418 0.006055 0.010449 0.008301 0.005078 0.007812 0.006055 0.005664 0.002832 0.006836 0.006250 0.009570 0.018262 0.015332 0.008008 0.008105 0.012207 0.014844 0.014551 0.005176 0.001465 0.004590 0.005176 0.007520
0.009961 0.009082 0.018750 0.028613 0.030273 0.016406 0.011035 0.007715 0.034473 0.021484 0.042773 0.014453 0.008105 0.007910 0.006641 0.010937 0.021094 0.027930 0.017578 0.008008 0.007812 0.009961 0.008984 0.015234 0.025488 0.036914 0.016113 0.004883 0.002930 0.008691 0.008203 0.006348
0.012012 0.010156 0.012500 0.021777 0.008789 0.016992 0.007910 0.004980 0.014258 0.027930 0.024902 0.019531 0.006738 0.009180 0.005859 0.005273 0.012500 0.023926 0.015625 0.013867 0.007812 0.005859 0.007031 0.005664 0.007031 0.009766 0.006543 0.003418 0.008496 0.009277 0.006934 0.002832
0.011719 0.012109 0.023340 0.013086 0.007520 0.019238 0.012891 0.016309 0.025586 0.022168 0.019629 0.030078 0.015234 0.013184 0.018262 0.028711 0.044238 0.045117 0.052344 0.028711 0.005859 0.007129 0.006543 0.006250 0.007715 0.005566 0.007812 0.004785 0.007324 0.007617 0.008789 0.005957
0.021289 0.023145 0.013574 0.021484 0.004785 0.006543 0.013672 0.019238 0.022559 0.029980 0.029590 0.037402 0.014551 0.006934 0.014258 0.013965 0.021680 0.015820 0.027734 0.016992 0.004687 0.009180 0.002246 0.008496 0.005273 0.016211 0.011426 0.010449 0.004199 0.018359 0.005957 0.012891
0.030762 0.034863 0.013184 0.033301 0.011133 0.011133 0.007324 0.015430 0.024219 0.008984 0.010449 0.005273 0.018555 0.023340 0.016406 0.025977 0.022852 0.014941 0.006934 0.008496 0.011621 0.010449 0.009473 0.011328 0.008496 0.009473 0.012988 0.008105 0.004395 0.005469 0.006836 0.012207
0.056250 0.059570 0.027246 0.045801 0.008203 0.011719 0.021680 0.038184 0.037109 0.018652 0.019922 0.019922 0.016406 0.025586 0.018555 0.019141 0.018848 0.014551 0.008496 0.013770 0.018457 0.014160 0.011035 0.009863 0.006055 0.004395 0.009961 0.007520 0.013086 0.006836 0.025977 0.027148
0.030762 0.018750 0.016309 0.006543 0.010059 0.006738 0.012402 0.021289 0.014063 0.015332 0.017188 0.015723 0.014258 0.020313 0.017090 0.023047 0.021973 0.013672 0.010937 0.015723 0.008301 0.023633 0.006152 0.006348 0.007617 0.003223 0.008496 0.005469 0.016895 0.012598 0.031934 0.011035
0.038477 0.041895 0.021777 0.011816 0.008203 0.005566 0.021875 0.008008 0.006250 0.007617 0.014160 0.014258 0.013477 0.037695 0.017090 0.028809 0.025195 0.012402 0.017383 0.015137 0.022168 0.015332 0.009766 0.008691 0.002539 0.000586 0.004590 0.001270 0.008496 0.014160 0.015039 0.012012
0.046680 0.049902 0.034082 0.010156 0.052441 0.056445 0.042871 0.028809 0.027246 0.009961 0.015234 0.017480 0.028125 0.009375 0.012695 0.020117 0.014063 0.016895 0.013281 0.008301 0.014160 0.007324 0.006250 0.006445 0.016113 0.028711 0.013379 0.011621 0.013281 0.005957 0.009570 0.012598
0.022559 0.032617 0.025684 0.008789 0.028516 0.027344 0.021191 0.023730 0.029687 0.020605 0.026758 0.043848 0.037109 0.026953 0.018555 0.019043 0.025586 0.034473 0.033594 0.026660 0.022266 0.012109 0.009668 0.008984 0.025586 0.026172 0.008301 0.007031 0.009375 0.026465 0.029785 0.015234
0.039648 0.046680 0.012793 0.015820 0.024316 0.022461 0.026367 0.011914 0.023926 0.015332 0.015137 0.035254 0.015723 0.037988 0.015430 0.010059 0.018359 0.016309 0.018164 0.008496 0.013574 0.007031 0.010840 0.012793 0.020020 0.005469 0.006738 0.008984 0.018848 0.040234 0.009082 0.010547
0.069629 0.090234 0.027441 0.009082 0.013574 0.009863 0.021777 0.027051 0.000781 0.052637 0.026562 0.027148 0.014063 0.022852 0.040625 0.055957 0.029785 0.062109 0.038574 0.056055 0.022168 0.021484 0.013867 0.024902 0.015918 0.017090 0.006543 0.002734 0.016309 0.032129 0.006641 0.007324
0.061035 0.073633 0.033203 0.043066 0.076270 0.041113 0.010156 0.029004 0.031934 0.044336 0.027832 0.041699 0.027148 0.025781 0.000000 0.030859 0.008496 0.053223 0.045508 0.046387 0.026758 0.033203 0.017676 0.008008 0.012305 0.020703 0.023535 0.038477 0.028027 0.029980 0.029199 0.037012
0.046777 0.051367 0.059766 0.119043 0.181641 0.088379 0.065918 0.100781 0.048242 0.020117 0.029590 0.024219 0.040430 0.023633 0.030957 0.016504 0.010352 0.050488 0.065234 0.071777 0.048242 0.029297 0.020117 0.015625 0.022461 0.030469 0.024414 0.022461 0.009570 0.037891 0.043652 0.026172
0.044629 0.080273 0.079004 0.093164 0.166113 0.091602 0.143359 0.095996 0.072363 0.032715 0.034277 0.053516 0.044727 0.017383 0.027930 0.018359 0.021777 0.031055 0.020703 0.008887 0.046289 0.044629 0.052441 0.033984 0.024023 0.023438 0.025391 0.036035 0.031934 0.040039 0.040820 0.036328
0.108105 0.144043 0.174414 0.233691 0.214941 0.111621 0.129199 0.139648 0.119141 0.052148 0.029492 0.024609 0.015527 0.010156 0.019336 0.013184 0.066504 0.035840 0.031641 0.012207 0.040234 0.030469 0.036816 0.025098 0.039453 0.034277 0.033105 0.039160 0.032617 0.033008 0.024902 0.033301
