0.489160
0.485742
0.490234
0.490234
0.490234
0.490234
0.480859
0.488086
0.483398
0.495118
0.495118
0.495118
0.482422
0.484961
0.499024
0.499024
0.480469
0.480469
0.480469
0.480468
0.480468
0.480468
0.480468
0.480468
0.480468
0.484375
0.497070
0.483398
0.490137
0.490137
0.499023
0.499023
0.499023
0.480469
0.480469
0.482031
0.492676
0.486035
0.485742
0.485742
0.480469
0.500000
0.495996
0.489355
0.487891
0.478516
0.478516
0.491211
0.490234
0.490234
0.489160
0.494922
0.494922
0.494922
0.473926
0.482422
0.482422
0.482422
0.431641
0.483008
0.486328
0.439355
0.497754
0.497754
0.479297
0.482910
0.488867
0.488867
0.487305
0.487305
