0.005664 0.014453 0.027148 0.031738 0.019727 0.016602 0.002539 0.018457 0.079785 0.083203 0.050000 0.047656 0.059180 0.036426 0.049023 0.047656 0.035059 0.049512 0.058301 0.075488 0.068066 0.081152 0.093652 0.122754 0.104199 0.102637 0.063477 0.033301 0.011426 0.014258 0.008301 0.011621
0.010254 0.014844 0.014941 0.021484 0.023438 0.006250 0.016309 0.017871 0.038477 0.066016 0.106348 0.110645 0.118945 0.036914 0.031348 0.060156 0.049609 0.057227 0.061328 0.055664 0.062598 0.045117 0.053125 0.075781 0.093164 0.073730 0.055273 0.036328 0.006348 0.014844 0.012793 0.016602
0.000000 0.011523 0.012891 0.008789 0.020020 0.011035 0.023828 0.006250 0.000000 0.053613 0.053027 0.063965 0.079980 0.038477 0.041309 0.033105 0.064062 0.057617 0.048047 0.065527 0.036816 0.028516 0.044727 0.062402 0.047461 0.032324 0.018652 0.016992 0.009082 0.018848 0.010254 0.010352
0.016895 0.007520 0.009766 0.010840 0.008301 0.015332 0.016699 0.014063 0.014063 0.026074 0.024414 0.015625 0.031445 0.020898 0.045703 0.035449 0.072949 0.090625 0.037207 0.044141 0.049512 0.040527 0.099023 0.112988 0.080859 0.013184 0.031152 0.019043 0.011230 0.014551 0.010059 0.013867
0.031250 0.011523 0.011133 0.008203 0.000000 0.008594 0.006152 0.008398 0.020508 0.007422 0.009668 0.026465 0.010937 0.008887 0.007812 0.031055 0.006543 0.010645 0.008105 0.012402 0.009766 0.008789 0.008398 0.012988 0.041504 0.023438 0.003711 0.006738 0.007812 0.004687 0.008984 0.003711
0.007812 0.017383 0.014063 0.011035 0.005957 0.010254 0.012695 0.007910 0.017969 0.011719 0.005762 0.021973 0.013672 0.016211 0.008691 0.010352 0.010742 0.009375 0.005957 0.009277 0.009961 0.010645 0.005762 0.007227 0.014551 0.014844 0.004492 0.006152 0.010645 0.012695 0.007715 0.006738
0.007520 0.023145 0.007617 0.014355 0.007520 0.007617 0.018848 0.008691 0.013086 0.008496 0.010742 0.019629 0.016504 0.019141 0.018359 0.008789 0.010742 0.005273 0.014746 0.026172 0.018945 0.014941 0.011816 0.008984 0.018945 0.015332 0.017285 0.011523 0.008887 0.009863 0.007715 0.007227
0.017188 0.019043 0.008594 0.012988 0.009082 0.017285 0.007031 0.005957 0.010937 0.006152 0.008789 0.010449 0.009961 0.007617 0.012891 0.011133 0.008789 0.006738 0.009961 0.026953 0.034863 0.019727 0.018066 0.011133 0.030273 0.039551 0.019336 0.018262 0.009180 0.019727 0.008984 0.005664
0.012891 0.013574 0.009180 0.006934 0.004980 0.006055 0.006543 0.013477 0.005078 0.013770 0.004980 0.006836 0.009375 0.012109 0.015039 0.012891 0.010547 0.014453 0.010840 0.002930 0.012207 0.028711 0.031738 0.016211 0.046777 0.061035 0.011621 0.005957 0.005273 0.006250 0.008496 0.006738
0.024512 0.017676 0.005957 0.008887 0.002539 0.005859 0.004980 0.008984 0.014746 0.005957 0.006836 0.015625 0.019336 0.018652 0.037695 0.019141 0.015137 0.016602 0.012500 0.009180 0.027441 0.039941 0.051855 0.056836 0.032422 0.054590 0.019531 0.011719 0.003906 0.015137 0.018652 0.009961
0.011523 0.027832 0.017773 0.017773 0.002832 0.006836 0.015918 0.017871 0.007910 0.005078 0.007617 0.008594 0.010156 0.007617 0.019238 0.012500 0.014355 0.024512 0.006934 0.012109 0.014746 0.023535 0.027441 0.042871 0.017578 0.024805 0.005469 0.006152 0.004297 0.008301 0.012988 0.004199
0.017090 0.014746 0.025000 0.007617 0.005762 0.005957 0.018945 0.020898 0.007812 0.005371 0.012500 0.020410 0.018945 0.022363 0.010156 0.019141 0.015137 0.013477 0.005859 0.002051 0.000000 0.019238 0.018945 0.018945 0.000000 0.030664 0.000000 0.002734 0.005273 0.007227 0.002148 0.003516
0.014453 0.017871 0.020703 0.015527 0.013867 0.015820 0.014063 0.010937 0.003027 0.005957 0.003809 0.006543 0.004687 0.005762 0.005273 0.009277 0.006152 0.009277 0.013477 0.008203 0.001758 0.009375 0.012500 0.019141 0.003223 0.016797 0.006445 0.009668 0.000000 0.004883 0.011816 0.005078
0.037109 0.048047 0.029297 0.017480 0.014063 0.010059 0.012988 0.012988 0.007715 0.005664 0.001270 0.003027 0.008691 0.004297 0.004004 0.006641 0.003516 0.009766 0.007227 0.012598 0.004883 0.003320 0.009277 0.006641 0.007617 0.009961 0.008887 0.006738 0.001855 0.006738 0.004687 0.003320
0.028223 0.026270 0.066602 0.036328 0.044238 0.020117 0.031641 0.015820 0.003711 0.002441 0.005566 0.006738 0.014453 0.007422 0.005469 0.005078 0.003906 0.008984 0.007422 0.005859 0.003418 0.006934 0.005469 0.007324 0.005566 0.008984 0.003906 0.002832 0.001465 0.004102 0.004395 0.000879
0.015234 0.008691 0.013086 0.022168 0.035156 0.012500 0.008984 0.004297 0.003418 0.003125 0.005566 0.005371 0.002148 0.004883 0.005078 0.003711 0.003809 0.003906 0.006250 0.007617 0.011426 0.010449 0.007031 0.006152 0.008301 0.008984 0.008691 0.004199 0.002441 0.002637 0.004199 0.007520
0.005078 0.006152 0.010937 0.021777 0.015625 0.011523 0.003223 0.003809 0.018848 0.014648 0.027148 0.009570 0.007129 0.005957 0.004687 0.007031 0.013281 0.025977 0.014648 0.008984 0.005859 0.007031 0.008984 0.010352 0.018652 0.026172 0.013184 0.005859 0.002930 0.004785 0.007227 0.003418
0.010059 0.006250 0.008594 0.021777 0.007812 0.015039 0.003027 0.001074 0.010352 0.020117 0.013184 0.013672 0.006738 0.009180 0.003906 0.004297 0.009570 0.021973 0.013672 0.008984 0.004883 0.003906 0.007031 0.004687 0.006055 0.008789 0.005566 0.003418 0.008496 0.007324 0.005957 0.002832
0.007812 0.012109 0.021387 0.016016 0.006543 0.015332 0.007031 0.006543 0.016797 0.018262 0.014746 0.023242 0.008398 0.008301 0.009473 0.016016 0.035449 0.035352 0.034766 0.018945 0.003906 0.006152 0.009473 0.005273 0.006738 0.005566 0.006836 0.004785 0.007324 0.006641 0.008789 0.004980
0.024219 0.028027 0.014551 0.023438 0.003809 0.004590 0.006836 0.009473 0.013770 0.016309 0.019824 0.028613 0.011621 0.006934 0.009375 0.010059 0.023633 0.013867 0.024805 0.016992 0.003711 0.010156 0.004199 0.007520 0.006250 0.011328 0.008496 0.009473 0.004199 0.021289 0.006934 0.011914
0.028809 0.036816 0.011230 0.028418 0.010156 0.010156 0.006348 0.008594 0.019336 0.004102 0.009473 0.006250 0.012695 0.012598 0.010547 0.017188 0.012109 0.007129 0.004004 0.005566 0.007715 0.007520 0.008496 0.010352 0.004590 0.007520 0.017871 0.009082 0.005371 0.004492 0.006836 0.009277
0.041602 0.046875 0.023340 0.037012 0.005273 0.007812 0.012891 0.019629 0.022461 0.007910 0.008203 0.013086 0.012500 0.016797 0.012695 0.015234 0.012012 0.007715 0.004590 0.008887 0.013574 0.010254 0.012012 0.006934 0.006055 0.005371 0.008984 0.006543 0.011133 0.006836 0.025977 0.022266
0.029785 0.019727 0.021191 0.006543 0.009082 0.004785 0.007520 0.013477 0.015039 0.017285 0.011328 0.013770 0.012305 0.013477 0.018066 0.015234 0.016113 0.009766 0.008984 0.010840 0.008301 0.016797 0.004199 0.005371 0.007617 0.005176 0.005566 0.006445 0.017871 0.013574 0.035840 0.010059
0.033594 0.040918 0.025684 0.015723 0.011133 0.008496 0.009180 0.006055 0.009180 0.012500 0.016113 0.013281 0.011523 0.025000 0.017090 0.020020 0.016406 0.010449 0.019336 0.012207 0.023145 0.016309 0.007812 0.005762 0.000586 0.000000 0.002637 0.000000 0.008496 0.018066 0.015039 0.007129
0.043750 0.045996 0.029199 0.011133 0.047559 0.047656 0.027246 0.016113 0.019434 0.008984 0.009375 0.012598 0.014453 0.005469 0.012695 0.011328 0.012109 0.010059 0.011328 0.003418 0.011230 0.005371 0.005273 0.006445 0.015137 0.032617 0.011426 0.014551 0.013281 0.004980 0.008594 0.007715
0.022559 0.028711 0.021777 0.007812 0.025586 0.016602 0.013379 0.018848 0.024805 0.017676 0.015039 0.025293 0.020508 0.016211 0.013672 0.013184 0.014844 0.019824 0.023828 0.020801 0.021289 0.009180 0.004785 0.004102 0.031445 0.027148 0.005371 0.007031 0.010352 0.022559 0.026855 0.014258
0.044531 0.051562 0.011816 0.015820 0.017480 0.012695 0.012695 0.008008 0.016113 0.011426 0.010254 0.025488 0.012793 0.027246 0.010547 0.008105 0.009570 0.012402 0.014258 0.008496 0.010645 0.004102 0.005957 0.005957 0.021973 0.006445 0.006738 0.009961 0.019824 0.034375 0.009082 0.012500
0.076465 0.083398 0.027441 0.009082 0.006738 0.008887 0.012012 0.020215 0.000000 0.035059 0.018750 0.022266 0.008203 0.017969 0.025000 0.043262 0.020996 0.047461 0.031738 0.040430 0.014355 0.013672 0.014844 0.020996 0.017871 0.013184 0.005566 0.002734 0.020215 0.033105 0.005664 0.005371
0.055176 0.069727 0.028320 0.045020 0.055762 0.030371 0.012109 0.026074 0.018262 0.024805 0.014160 0.019238 0.021289 0.019922 0.000000 0.023047 0.007520 0.027832 0.026953 0.024902 0.017969 0.028320 0.020605 0.008984 0.008398 0.014844 0.019629 0.033594 0.024121 0.029004 0.030176 0.040918
0.036035 0.043555 0.049023 0.100488 0.133789 0.062988 0.056152 0.081250 0.033594 0.013281 0.023730 0.021289 0.031641 0.019727 0.021191 0.013574 0.010352 0.039746 0.058398 0.052246 0.034570 0.019531 0.016211 0.011719 0.011719 0.019727 0.018555 0.017578 0.012500 0.041797 0.046582 0.023242
0.033887 0.068555 0.054590 0.073633 0.122168 0.070117 0.108203 0.067676 0.047949 0.021973 0.028418 0.042773 0.031055 0.011523 0.018164 0.013477 0.024707 0.028125 0.019727 0.010840 0.048242 0.034863 0.038770 0.024219 0.017188 0.018555 0.029297 0.036035 0.030957 0.039062 0.036914 0.036328
0.078809 0.111816 0.143164 0.204395 0.154395 0.088184 0.098926 0.106445 0.070312 0.025781 0.012891 0.016797 0.013574 0.006250 0.014453 0.011230 0.053809 0.028027 0.023828 0.011230 0.039258 0.033398 0.035840 0.021191 0.033594 0.027441 0.029199 0.039160 0.026758 0.032031 0.025879 0.035254
