# Processed image data
# 32x32
 14,	 22,	 23,	 22,	 10,	 12,	 17,	 17,	  9,	 19,	  9,	  7,	 19,	 31,	 34,	 27,	 20,	 74,	 51,	 40,	 45,	 53,	 53,	 47,	 49,	 74,	 29,	 17,	 14,	  9,	 14,	 10
 20,	 12,	 22,	 33,	 20,	 12,	 22,	 27,	 15,	 12,	 17,	 14,	 20,	 22,	 22,	 27,	 35,	 35,	 22,	 19,	 37,	 30,	 23,	 33,	 12,	 19,	 22,	 43,	 12,	 12,	 12,	 20
 10,	 12,	 12,	  3,	  7,	  7,	 14,	 14,	 19,	 38,	 26,	  7,	 31,	 48,	 39,	 24,	 33,	 69,	 35,	 29,	 64,	 39,	 53,	 51,	 57,	131,	 93,	 31,	 15,	 14,	 24,	  9
  5,	 10,	 23,	  7,	  5,	  7,	 14,	  9,	 10,	 15,	 26,	  7,	 26,	 39,	 33,	 24,	 31,	 34,	 34,	 22,	 51,	 17,	 10,	 24,	 26,	 43,	 45,	 20,	 23,	 19,	 15,	 27
  9,	  3,	  9,	  3,	  7,	 10,	 10,	 12,	 24,	 45,	 35,	 31,	 66,	 49,	 37,	 33,	 42,	 19,	 20,	 17,	 55,	 54,	 24,	 20,	 51,	 85,	 26,	 55,	 29,	 10,	 17,	 10
  3,	 14,	 15,	  5,	  5,	  7,	  9,	 10,	 23,	 62,	 35,	 37,	 43,	 47,	 20,	 45,	 44,	 27,	 37,	 10,	 49,	 39,	 43,	 20,	 35,	 55,	 20,	 40,	 17,	 14,	 15,	 12
  7,	  5,	  7,	  7,	  5,	 30,	 14,	 19,	 20,	 19,	 53,	 31,	 39,	 34,	 20,	 17,	 40,	 44,	100,	104,	 84,	 84,	100,	 54,	 12,	 45,	 23,	 42,	 23,	 12,	 12,	  7
  7,	  7,	 14,	  7,	  9,	 26,	 20,	 12,	  3,	  0,	 20,	 14,	 17,	 14,	 23,	 22,	 34,	 57,	122,	182,	255,	131,	112,	 37,	 27,	 42,	 30,	 10,	 15,	 29,	 17,	  7
 30,	 14,	  9,	  9,	 12,	 34,	 55,	 19,	 26,	 37,	 34,	 23,	 37,	 38,	 87,	 93,	255,	255,	255,	255,	255,	255,	255,	255,	255,	230,	107,	 54,	 15,	 14,	 20,	  9
 19,	 10,	  5,	  7,	  7,	 10,	 23,	 20,	 27,	 55,	 54,	 24,	 34,	 43,	 61,	 82,	255,	255,	255,	255,	255,	255,	255,	255,	255,	255,	138,	 45,	 29,	 33,	 24,	 10
 22,	  9,	 15,	 15,	 35,	 82,	 76,	 24,	142,	238,	255,	155,	112,	164,	255,	253,	255,	255,	255,	255,	255,	255,	255,	255,	255,	255,	255,	255,	 49,	 23,	 34,	 15
  7,	  7,	 15,	  5,	 24,	 20,	 23,	 27,	198,	255,	255,	255,	255,	229,	255,	255,	255,	255,	255,	255,	255,	255,	255,	255,	255,	255,	255,	255,	 34,	 27,	 24,	 17
  9,	  9,	 24,	  5,	 42,	 64,	 65,	 49,	255,	255,	255,	255,	255,	255,	255,	255,	255,	255,	255,	255,	255,	255,	255,	255,	255,	255,	255,	255,	 84,	 39,	 37,	 14
 10,	  5,	 10,	 10,	 23,	 44,	 70,	133,	255,	255,	255,	255,	255,	255,	255,	255,	255,	255,	255,	255,	255,	255,	255,	255,	255,	255,	255,	255,	 90,	 75,	 78,	 20
 23,	 17,	 15,	  5,	 35,	111,	162,	245,	255,	255,	255,	255,	255,	255,	255,	255,	255,	255,	255,	255,	255,	255,	255,	255,	255,	255,	255,	255,	165,	 91,	 42,	 20
 17,	  9,	  9,	  9,	 29,	 99,	157,	250,	255,	255,	255,	255,	255,	255,	255,	255,	255,	255,	255,	255,	255,	255,	255,	255,	255,	255,	255,	255,	155,	114,	 81,	 14
 14,	 19,	 31,	 19,	104,	255,	255,	255,	255,	255,	255,	255,	255,	255,	255,	255,	255,	255,	255,	255,	255,	255,	255,	255,	255,	255,	255,	255,	130,	117,	 55,	 19
  7,	 17,	 55,	 51,	255,	255,	255,	255,	255,	255,	255,	255,	255,	255,	255,	255,	255,	255,	255,	255,	255,	255,	255,	255,	255,	255,	255,	255,	 56,	 49,	 34,	 12
 26,	 57,	 86,	179,	255,	255,	255,	 74,	 77,	117,	130,	205,	255,	255,	255,	255,	255,	255,	255,	255,	255,	255,	255,	255,	255,	255,	255,	151,	 66,	 53,	 50,	 27
 22,	 35,	 92,	251,	255,	255,	124,	 76,	 43,	 44,	 92,	 83,	187,	255,	255,	255,	255,	255,	255,	255,	255,	255,	255,	255,	255,	255,	255,	170,	 43,	 38,	 38,	 12
 33,	 96,	250,	255,	 99,	123,	217,	 62,	 35,	 31,	 22,	 71,	 66,	107,	130,	255,	255,	255,	255,	255,	255,	255,	255,	255,	255,	185,	128,	 31,	 14,	 27,	 19,	 26
 24,	 78,	112,	141,	 72,	 61,	 95,	 54,	 39,	 61,	 26,	 26,	 31,	 97,	202,	172,	255,	255,	255,	255,	255,	255,	255,	255,	255,	255,	255,	 71,	 40,	 33,	 64,	 31
 23,	 40,	 35,	 30,	 50,	 53,	 77,	 39,	 37,	 76,	100,	 57,	 49,	140,	107,	 80,	255,	255,	255,	239,	255,	255,	255,	255,	124,	 84,	 51,	 29,	 23,	 29,	 33,	 19
 24,	 29,	 31,	 15,	 33,	 55,	 53,	 39,	 37,	 48,	 77,	 31,	 31,	 64,	 43,	 30,	255,	255,	255,	171,	255,	255,	255,	255,	255,	111,	 73,	 37,	 43,	 17,	 19,	 12
 10,	  7,	 10,	 12,	 12,	 12,	 10,	 10,	 47,	 24,	 49,	 39,	  9,	 29,	 35,	 40,	206,	255,	255,	 89,	122,	108,	247,	210,	111,	112,	 48,	 20,	 17,	 15,	 22,	 12
  5,	 10,	  9,	 14,	  9,	 17,	 15,	 14,	 26,	 56,	 45,	 27,	 34,	 73,	 65,	 19,	255,	255,	255,	158,	 93,	 97,	255,	  0,	255,	149,	 50,	 26,	 15,	 24,	 15,	 12
 12,	  3,	 22,	 17,	 24,	 15,	 15,	  9,	  7,	 26,	 10,	 22,	  9,	 12,	 12,	 10,	 85,	220,	229,	 72,	103,	155,	130,	252,	129,	142,	 97,	 42,	 22,	 33,	 24,	 14
  3,	 10,	 12,	 12,	  9,	  5,	  9,	 12,	 20,	 10,	 19,	  0,	 23,	 19,	 23,	 22,	 75,	 51,	 58,	 81,	 71,	160,	 69,	  3,	 99,	 44,	 66,	 23,	  9,	  9,	  9,	 12
 14,	 12,	 15,	 10,	 19,	  5,	 12,	 10,	  9,	 22,	 10,	 10,	 15,	 24,	 43,	 29,	 57,	 68,	 61,	 96,	117,	110,	110,	128,	 74,	 73,	 37,	 19,	 17,	 12,	 10,	 14
 10,	  9,	  7,	  5,	  9,	  9,	 12,	  9,	 22,	 48,	 20,	 22,	  5,	 10,	 20,	 35,	 73,	120,	 78,	 81,	 97,	 76,	 53,	 55,	 80,	 91,	 22,	 14,	 10,	 14,	 15,	 10
 37,	 15,	 20,	 20,	 20,	 14,	 20,	  7,	  9,	 17,	 10,	  5,	 23,	 19,	 24,	 30,	 43,	 53,	 55,	 47,	 37,	 63,	 27,	 51,	 37,	 45,	 15,	 15,	 15,	 31,	 12,	 17
 19,	 19,	 12,	 23,	  9,	  9,	 10,	  9,	 34,	 19,	 27,	 10,	 17,	 23,	 15,	 10,	 26,	 64,	 56,	 33,	 40,	 64,	 23,	 20,	  9,	 22,	 12,	  5,	 14,	 23,	 19,	 19
