0.607422 0.627930 0.577148 0.543945 0.483398 0.613281 0.010742 0.585938 0.541016 0.498047 0.589844 0.534180 0.394531 0.506836 0.426758 0.423828 0.472656 0.460938 0.494141 0.460938 0.446289 0.527344 0.367188 0.500977 0.546875 0.520508 0.494141 0.530273 0.484375 0.568359 0.509766 0.511719
0.592773 0.546875 0.529297 0.535156 0.480469 0.640625 0.465820 0.572266 0.481445 0.511719 0.577148 0.540039 0.423828 0.557617 0.497070 0.472656 0.394531 0.411133 0.486328 0.450195 0.427734 0.521484 0.472656 0.460938 0.510742 0.569336 0.548828 0.587891 0.519531 0.536133 0.530273 0.532227
0.003906 0.604492 0.536133 0.558594 0.490234 0.640625 0.489258 0.569336 0.001953 0.540039 0.603516 0.598633 0.519531 0.585938 0.524414 0.480469 0.517578 0.473633 0.564453 0.431641 0.485352 0.458008 0.493164 0.513672 0.547852 0.546875 0.500977 0.541016 0.532227 0.583008 0.426758 0.524414
0.560547 0.623047 0.483398 0.572266 0.425781 0.534180 0.443359 0.511719 0.346680 0.463867 0.427734 0.428711 0.362305 0.366211 0.404297 0.364258 0.264648 0.324219 0.380859 0.379883 0.429688 0.400391 0.467773 0.352539 0.493164 0.646484 0.489258 0.566406 0.434570 0.566406 0.418945 0.562500
0.630859 0.520508 0.609375 0.563477 0.000977 0.562500 0.600586 0.544922 0.398438 0.457031 0.449219 0.403320 0.416992 0.393555 0.354492 0.117188 0.464844 0.437500 0.562500 0.482422 0.583984 0.550781 0.590820 0.541016 0.508789 0.526367 0.560547 0.510742 0.453125 0.614258 0.514648 0.590820
0.622070 0.552734 0.609375 0.610352 0.604492 0.636719 0.578125 0.600586 0.386719 0.443359 0.565430 0.414062 0.436523 0.458008 0.333008 0.333008 0.449219 0.512695 0.555664 0.499023 0.599609 0.536133 0.596680 0.598633 0.481445 0.553711 0.583984 0.526367 0.479492 0.621094 0.567383 0.586914
0.588867 0.557617 0.561523 0.577148 0.581055 0.609375 0.577148 0.573242 0.478516 0.493164 0.554688 0.411133 0.420898 0.446289 0.321289 0.268555 0.478516 0.552734 0.592773 0.576172 0.609375 0.584961 0.613281 0.603516 0.508789 0.561523 0.530273 0.590820 0.442383 0.642578 0.538086 0.585938
0.573242 0.564453 0.573242 0.593750 0.551758 0.590820 0.502930 0.523438 0.167969 0.369141 0.377930 0.297852 0.330078 0.208008 0.261719 0.049805 0.386719 0.400391 0.562500 0.473633 0.546875 0.528320 0.548828 0.507812 0.342773 0.472656 0.429688 0.552734 0.364258 0.577148 0.497070 0.555664
0.578125 0.508789 0.586914 0.546875 0.517578 0.568359 0.532227 0.490234 0.430664 0.467773 0.480469 0.462891 0.429688 0.397461 0.455078 0.395508 0.510742 0.556641 0.575195 0.604492 0.527344 0.588867 0.560547 0.531250 0.479492 0.569336 0.511719 0.608398 0.505859 0.602539 0.575195 0.576172
0.602539 0.508789 0.561523 0.540039 0.493164 0.591797 0.524414 0.503906 0.379883 0.437500 0.501953 0.433594 0.412109 0.480469 0.507812 0.498047 0.463867 0.533203 0.585938 0.577148 0.479492 0.549805 0.513672 0.541992 0.433594 0.558594 0.537109 0.569336 0.540039 0.536133 0.561523 0.401367
0.591797 0.568359 0.498047 0.489258 0.509766 0.565430 0.579102 0.458984 0.432617 0.581055 0.531250 0.497070 0.458984 0.511719 0.474609 0.464844 0.537109 0.596680 0.590820 0.566406 0.542969 0.600586 0.526367 0.550781 0.493164 0.573242 0.523438 0.555664 0.579102 0.527344 0.571289 0.541016
0.530273 0.530273 0.393555 0.517578 0.356445 0.536133 0.497070 0.438477 0.335938 0.381836 0.347656 0.441406 0.369141 0.352539 0.385742 0.375000 0.410156 0.510742 0.585938 0.547852 0.008789 0.503906 0.453125 0.493164 0.001953 0.530273 0.002930 0.611328 0.472656 0.575195 0.486328 0.453125
0.493164 0.493164 0.452148 0.558594 0.442383 0.506836 0.389648 0.448242 0.544922 0.574219 0.541016 0.488281 0.527344 0.503906 0.569336 0.526367 0.465820 0.522461 0.474609 0.415039 0.558594 0.522461 0.542969 0.471680 0.504883 0.544922 0.512695 0.571289 -0.000000 0.599609 0.510742 0.518555
0.515625 0.581055 0.464844 0.592773 0.446289 0.587891 0.448242 0.449219 0.561523 0.519531 0.594727 0.412109 0.511719 0.580078 0.541016 0.524414 0.499023 0.547852 0.491211 0.420898 0.529297 0.472656 0.558594 0.448242 0.425781 0.562500 0.501953 0.573242 0.603516 0.573242 0.607422 0.552734
0.511719 0.548828 0.495117 0.559570 0.390625 0.608398 0.407227 0.486328 0.584961 0.580078 0.592773 0.460938 0.530273 0.562500 0.563477 0.547852 0.508789 0.577148 0.493164 0.507812 0.543945 0.541992 0.563477 0.466797 0.503906 0.620117 0.494141 0.599609 0.550781 0.580078 0.611328 0.625977
0.489258 0.536133 0.318359 0.521484 0.366211 0.607422 0.266602 0.439453 0.575195 0.557617 0.515625 0.454102 0.487305 0.453125 0.542969 0.471680 0.457031 0.497070 0.478516 0.434570 0.520508 0.529297 0.490234 0.509766 0.448242 0.569336 0.454102 0.625977 0.456055 0.513672 0.587891 0.533203
0.520508 0.580078 0.492188 0.567383 0.444336 0.522461 0.439453 0.412109 0.425781 0.466797 0.412109 0.431641 0.351562 0.321289 0.470703 0.380859 0.406250 0.445312 0.494141 0.369141 0.486328 0.416016 0.452148 0.487305 0.381836 0.597656 0.395508 0.625977 0.385742 0.579102 0.522461 0.379883
0.590820 0.573242 0.521484 0.578125 0.480469 0.592773 0.494141 0.525391 0.482422 0.477539 0.555664 0.362305 0.527344 0.479492 0.567383 0.437500 0.522461 0.487305 0.528320 0.480469 0.442383 0.515625 0.483398 0.462891 0.427734 0.576172 0.486328 0.604492 0.450195 0.571289 0.579102 0.478516
0.575195 0.571289 0.514648 0.572266 0.491211 0.604492 0.462891 0.565430 0.501953 0.535156 0.506836 0.343750 0.452148 0.518555 0.473633 0.528320 0.400391 0.543945 0.493164 0.506836 0.421875 0.539062 0.469727 0.461914 0.431641 0.568359 0.500000 0.583984 0.516602 0.500977 0.534180 0.451172
0.552734 0.506836 0.448242 0.477539 0.445312 0.550781 0.381836 0.477539 0.431641 0.444336 0.371094 0.418945 0.319336 0.497070 0.372070 0.410156 0.327148 0.500977 0.418945 0.463867 0.423828 0.496094 0.333008 0.381836 0.366211 0.517578 0.383789 0.578125 0.384766 0.580078 0.447266 0.500977
0.586914 0.501953 0.558594 0.554688 0.502930 0.541016 0.428711 0.490234 0.469727 0.501953 0.394531 0.472656 0.458984 0.407227 0.465820 0.420898 0.493164 0.523438 0.540039 0.523438 0.479492 0.500977 0.472656 0.446289 0.406250 0.544922 0.368164 0.554688 0.359375 0.562500 0.491211 0.525391
0.564453 0.459961 0.583984 0.523438 0.483398 0.506836 0.511719 0.448242 0.354492 0.425781 0.408203 0.469727 0.419922 0.419922 0.522461 0.414062 0.458984 0.536133 0.497070 0.424805 0.479492 0.548828 0.475586 0.498047 0.374023 0.521484 0.393555 0.553711 0.423828 0.584961 0.514648 0.495117
0.583008 0.508789 0.612305 0.547852 0.562500 0.561523 0.525391 0.511719 0.487305 0.508789 0.419922 0.508789 0.399414 0.518555 0.482422 0.508789 0.408203 0.586914 0.395508 0.555664 0.439453 0.552734 0.392578 0.476562 0.499023 0.593750 0.470703 0.575195 0.469727 0.558594 0.477539 0.507812
0.551758 0.504883 0.562500 0.498047 0.562500 0.530273 0.443359 0.458984 0.453125 0.446289 0.434570 0.417969 0.401367 0.432617 0.437500 0.450195 0.342773 0.533203 0.330078 0.484375 0.402344 0.529297 0.456055 0.450195 -0.001953 -0.002930 0.508789 -0.030273 0.564453 0.604492 0.429688 0.557617
0.601562 0.538086 0.573242 0.581055 0.495117 0.580078 0.491211 0.546875 0.470703 0.448242 0.501953 0.440430 0.535156 0.514648 0.470703 0.390625 0.465820 0.438477 0.481445 0.437500 0.526367 0.502930 0.531250 0.450195 0.416016 0.403320 0.469727 0.542969 0.432617 0.578125 0.500977 0.589844
0.596680 0.515625 0.557617 0.601562 0.434570 0.631836 0.470703 0.558594 0.474609 0.538086 0.521484 0.451172 0.536133 0.563477 0.544922 0.509766 0.517578 0.454102 0.509766 0.379883 0.471680 0.554688 0.580078 0.514648 0.521484 0.516602 0.580078 0.591797 0.538086 0.571289 0.605469 0.623047
0.609375 0.568359 0.617188 0.596680 0.515625 0.621094 0.528320 0.551758 0.523438 0.475586 0.567383 0.515625 0.576172 0.622070 0.403320 0.504883 0.502930 0.527344 0.578125 0.592773 0.542969 0.532227 0.555664 0.529297 0.482422 0.470703 0.535156 0.555664 0.489258 0.508789 0.509766 0.589844
0.548828 0.504883 0.515625 0.507812 0.524414 0.570312 0.468750 0.643555 -0.003906 0.488281 0.508789 0.426758 0.508789 0.558594 0.434570 0.479492 0.479492 0.442383 0.471680 0.453125 0.492188 0.473633 0.496094 0.452148 0.441406 0.489258 0.496094 0.604492 0.412109 0.622070 0.466797 0.637695
0.599609 0.581055 0.591797 0.576172 0.480469 0.568359 0.659180 0.612305 0.449219 0.533203 0.524414 0.444336 0.491211 0.487305 -0.000977 0.431641 0.507812 0.516602 0.548828 0.502930 0.575195 0.497070 0.565430 0.578125 0.553711 0.520508 0.587891 0.567383 0.521484 0.584961 0.562500 0.573242
0.578125 0.533203 0.557617 0.557617 0.465820 0.589844 0.574219 0.538086 0.489258 0.548828 0.541992 0.495117 0.362305 0.563477 0.517578 0.459961 0.514648 0.490234 0.578125 0.460938 0.486328 0.529297 0.497070 0.486328 0.524414 0.531250 0.534180 0.568359 0.573242 0.552734 0.542969 0.541992
0.615234 0.595703 0.583008 0.588867 0.550781 0.590820 0.519531 0.497070 0.534180 0.546875 0.556641 0.547852 0.442383 0.624023 0.437500 0.546875 0.565430 0.516602 0.569336 0.566406 0.452148 0.611328 0.538086 0.585938 0.543945 0.578125 0.512695 0.591797 0.563477 0.581055 0.550781 0.547852
0.591797 0.513672 0.603516 0.505859 0.552734 0.537109 0.512695 0.491211 0.488281 0.498047 0.449219 0.546875 0.369141 0.521484 0.430664 0.485352 0.482422 0.477539 0.474609 0.538086 0.427734 0.558594 0.454102 0.591797 0.508789 0.574219 0.476562 0.588867 0.541016 0.550781 0.537109 0.490234
