0.610352 0.616211 0.595703 0.542969 0.497070 0.620117 0.012695 0.570312 0.538086 0.482422 0.586914 0.529297 0.387695 0.505859 0.412109 0.420898 0.460938 0.457031 0.491211 0.464844 0.439453 0.526367 0.349609 0.495117 0.537109 0.522461 0.488281 0.529297 0.486328 0.562500 0.497070 0.504883
0.582031 0.546875 0.527344 0.527344 0.472656 0.626953 0.465820 0.566406 0.480469 0.517578 0.575195 0.539062 0.419922 0.553711 0.498047 0.480469 0.395508 0.414062 0.484375 0.434570 0.416016 0.531250 0.469727 0.471680 0.504883 0.551758 0.536133 0.581055 0.524414 0.528320 0.534180 0.521484
0.004883 0.609375 0.540039 0.542969 0.500000 0.624023 0.487305 0.574219 0.004883 0.552734 0.604492 0.596680 0.531250 0.583984 0.533203 0.485352 0.525391 0.480469 0.556641 0.437500 0.479492 0.468750 0.487305 0.522461 0.539062 0.540039 0.495117 0.537109 0.541992 0.581055 0.424805 0.528320
0.563477 0.622070 0.484375 0.561523 0.428711 0.548828 0.440430 0.503906 0.343750 0.467773 0.415039 0.421875 0.354492 0.363281 0.404297 0.350586 0.266602 0.304688 0.380859 0.358398 0.428711 0.386719 0.476562 0.342773 0.482422 0.644531 0.479492 0.568359 0.441406 0.574219 0.401367 0.574219
0.617188 0.528320 0.612305 0.558594 0.000977 0.574219 0.605469 0.548828 0.400391 0.445312 0.449219 0.401367 0.403320 0.375977 0.347656 0.100586 0.453125 0.447266 0.559570 0.476562 0.584961 0.565430 0.590820 0.531250 0.497070 0.511719 0.569336 0.495117 0.442383 0.620117 0.518555 0.587891
0.624023 0.558594 0.600586 0.603516 0.603516 0.621094 0.583984 0.589844 0.401367 0.424805 0.583008 0.403320 0.433594 0.439453 0.334961 0.327148 0.448242 0.516602 0.551758 0.496094 0.585938 0.531250 0.603516 0.597656 0.483398 0.548828 0.583984 0.527344 0.490234 0.620117 0.553711 0.581055
0.569336 0.559570 0.579102 0.585938 0.576172 0.616211 0.575195 0.583984 0.478516 0.473633 0.559570 0.403320 0.427734 0.424805 0.319336 0.254883 0.486328 0.550781 0.595703 0.575195 0.624023 0.580078 0.611328 0.597656 0.504883 0.569336 0.545898 0.587891 0.447266 0.635742 0.541016 0.597656
0.575195 0.568359 0.565430 0.602539 0.535156 0.592773 0.517578 0.501953 0.166992 0.370117 0.380859 0.291016 0.328125 0.206055 0.262695 0.053711 0.377930 0.406250 0.560547 0.467773 0.542969 0.527344 0.563477 0.502930 0.354492 0.464844 0.414062 0.546875 0.352539 0.583008 0.495117 0.556641
0.583008 0.517578 0.581055 0.545898 0.521484 0.577148 0.535156 0.488281 0.436523 0.462891 0.474609 0.457031 0.440430 0.408203 0.455078 0.377930 0.533203 0.540039 0.589844 0.604492 0.537109 0.568359 0.540039 0.546875 0.475586 0.568359 0.516602 0.595703 0.522461 0.599609 0.569336 0.569336
0.598633 0.506836 0.564453 0.541016 0.476562 0.580078 0.530273 0.506836 0.384766 0.434570 0.492188 0.444336 0.411133 0.458984 0.512695 0.514648 0.467773 0.533203 0.567383 0.565430 0.481445 0.538086 0.519531 0.532227 0.444336 0.574219 0.532227 0.571289 0.544922 0.549805 0.573242 0.384766
0.584961 0.579102 0.483398 0.493164 0.517578 0.573242 0.563477 0.443359 0.449219 0.571289 0.510742 0.500977 0.470703 0.509766 0.471680 0.448242 0.518555 0.595703 0.591797 0.587891 0.524414 0.583984 0.518555 0.566406 0.492188 0.559570 0.522461 0.554688 0.561523 0.533203 0.574219 0.525391
0.532227 0.530273 0.403320 0.535156 0.352539 0.526367 0.491211 0.431641 0.325195 0.377930 0.355469 0.447266 0.352539 0.349609 0.362305 0.376953 0.416016 0.494141 0.575195 0.532227 0.009766 0.517578 0.453125 0.488281 0.002930 0.526367 0.001953 0.604492 0.472656 0.568359 0.466797 0.458984
0.508789 0.495117 0.438477 0.547852 0.455078 0.495117 0.371094 0.429688 0.544922 0.593750 0.541016 0.500977 0.547852 0.510742 0.578125 0.511719 0.473633 0.515625 0.489258 0.407227 0.559570 0.528320 0.529297 0.474609 0.504883 0.564453 0.517578 0.570312 -0.000000 0.604492 0.510742 0.510742
0.512695 0.578125 0.456055 0.577148 0.439453 0.602539 0.448242 0.444336 0.560547 0.517578 0.617188 0.416016 0.501953 0.584961 0.533203 0.512695 0.500977 0.546875 0.480469 0.396484 0.528320 0.488281 0.562500 0.445312 0.400391 0.568359 0.502930 0.579102 0.599609 0.575195 0.599609 0.575195
0.510742 0.534180 0.498047 0.541992 0.383789 0.598633 0.390625 0.483398 0.583008 0.569336 0.606445 0.465820 0.524414 0.578125 0.542969 0.546875 0.525391 0.574219 0.487305 0.499023 0.536133 0.538086 0.576172 0.478516 0.483398 0.623047 0.485352 0.584961 0.536133 0.584961 0.617188 0.623047
0.485352 0.537109 0.312500 0.521484 0.361328 0.597656 0.259766 0.424805 0.577148 0.546875 0.517578 0.439453 0.494141 0.442383 0.563477 0.455078 0.476562 0.509766 0.469727 0.428711 0.524414 0.545898 0.495117 0.508789 0.444336 0.581055 0.435547 0.597656 0.443359 0.523438 0.575195 0.522461
0.547852 0.559570 0.469727 0.557617 0.443359 0.544922 0.457031 0.419922 0.438477 0.479492 0.418945 0.439453 0.349609 0.335938 0.478516 0.388672 0.382812 0.444336 0.479492 0.369141 0.478516 0.420898 0.455078 0.471680 0.390625 0.598633 0.397461 0.623047 0.381836 0.573242 0.534180 0.373047
0.561523 0.564453 0.505859 0.575195 0.483398 0.612305 0.490234 0.532227 0.481445 0.474609 0.563477 0.355469 0.541992 0.477539 0.570312 0.445312 0.504883 0.498047 0.528320 0.486328 0.457031 0.514648 0.493164 0.447266 0.413086 0.569336 0.505859 0.597656 0.427734 0.552734 0.572266 0.485352
0.568359 0.575195 0.503906 0.562500 0.468750 0.596680 0.439453 0.554688 0.506836 0.517578 0.504883 0.356445 0.441406 0.503906 0.475586 0.532227 0.411133 0.542969 0.487305 0.519531 0.433594 0.538086 0.484375 0.454102 0.408203 0.573242 0.519531 0.586914 0.496094 0.498047 0.510742 0.442383
0.577148 0.477539 0.464844 0.495117 0.424805 0.550781 0.379883 0.451172 0.423828 0.448242 0.372070 0.426758 0.301758 0.491211 0.389648 0.404297 0.328125 0.493164 0.402344 0.472656 0.426758 0.501953 0.327148 0.364258 0.372070 0.511719 0.377930 0.554688 0.375000 0.597656 0.435547 0.503906
0.581055 0.502930 0.542969 0.554688 0.508789 0.551758 0.425781 0.473633 0.477539 0.484375 0.381836 0.462891 0.468750 0.408203 0.475586 0.421875 0.491211 0.524414 0.539062 0.499023 0.477539 0.499023 0.464844 0.458984 0.402344 0.546875 0.363281 0.552734 0.351562 0.545898 0.475586 0.512695
0.558594 0.469727 0.572266 0.516602 0.492188 0.515625 0.513672 0.438477 0.371094 0.425781 0.423828 0.469727 0.409180 0.409180 0.520508 0.396484 0.457031 0.535156 0.494141 0.432617 0.472656 0.545898 0.468750 0.496094 0.372070 0.520508 0.391602 0.565430 0.409180 0.582031 0.513672 0.493164
0.573242 0.504883 0.615234 0.545898 0.573242 0.579102 0.526367 0.506836 0.491211 0.510742 0.431641 0.504883 0.387695 0.522461 0.460938 0.504883 0.420898 0.593750 0.377930 0.575195 0.425781 0.550781 0.396484 0.453125 0.497070 0.588867 0.461914 0.582031 0.471680 0.575195 0.477539 0.502930
0.533203 0.493164 0.577148 0.492188 0.567383 0.538086 0.447266 0.450195 0.441406 0.442383 0.433594 0.407227 0.406250 0.432617 0.444336 0.453125 0.328125 0.520508 0.332031 0.475586 0.411133 0.545898 0.456055 0.454102 -0.004883 -0.002930 0.503906 -0.032227 0.561523 0.599609 0.431641 0.553711
0.580078 0.538086 0.569336 0.583984 0.478516 0.561523 0.496094 0.550781 0.462891 0.443359 0.507812 0.439453 0.532227 0.505859 0.474609 0.384766 0.477539 0.439453 0.475586 0.429688 0.527344 0.477539 0.504883 0.445312 0.415039 0.411133 0.467773 0.531250 0.420898 0.576172 0.491211 0.581055
0.579102 0.510742 0.550781 0.586914 0.436523 0.626953 0.455078 0.573242 0.485352 0.548828 0.527344 0.464844 0.553711 0.579102 0.548828 0.504883 0.487305 0.451172 0.493164 0.376953 0.454102 0.555664 0.570312 0.503906 0.521484 0.516602 0.583008 0.593750 0.521484 0.554688 0.605469 0.615234
0.621094 0.582031 0.611328 0.610352 0.505859 0.624023 0.528320 0.545898 0.520508 0.453125 0.569336 0.529297 0.570312 0.600586 0.407227 0.503906 0.482422 0.516602 0.575195 0.596680 0.560547 0.530273 0.538086 0.529297 0.486328 0.484375 0.541016 0.551758 0.493164 0.497070 0.522461 0.584961
0.551758 0.501953 0.515625 0.521484 0.505859 0.574219 0.461914 0.622070 -0.004883 0.489258 0.509766 0.424805 0.499023 0.569336 0.424805 0.487305 0.478516 0.435547 0.454102 0.433594 0.499023 0.483398 0.495117 0.468750 0.452148 0.488281 0.498047 0.586914 0.403320 0.606445 0.478516 0.641602
0.604492 0.577148 0.580078 0.571289 0.468750 0.548828 0.658203 0.597656 0.449219 0.538086 0.520508 0.434570 0.487305 0.473633 -0.000977 0.430664 0.501953 0.511719 0.542969 0.501953 0.574219 0.497070 0.553711 0.578125 0.561523 0.542969 0.592773 0.559570 0.529297 0.580078 0.554688 0.566406
0.583008 0.545898 0.542969 0.543945 0.466797 0.582031 0.576172 0.532227 0.495117 0.549805 0.533203 0.493164 0.374023 0.564453 0.516602 0.465820 0.512695 0.493164 0.574219 0.466797 0.486328 0.533203 0.492188 0.485352 0.521484 0.525391 0.512695 0.570312 0.569336 0.568359 0.547852 0.527344
0.632812 0.586914 0.578125 0.586914 0.556641 0.595703 0.529297 0.514648 0.537109 0.545898 0.569336 0.545898 0.461914 0.622070 0.436523 0.542969 0.568359 0.514648 0.557617 0.560547 0.448242 0.604492 0.532227 0.586914 0.520508 0.596680 0.525391 0.586914 0.562500 0.588867 0.575195 0.554688
0.591797 0.514648 0.602539 0.500977 0.541992 0.542969 0.508789 0.490234 0.467773 0.515625 0.434570 0.549805 0.365234 0.528320 0.428711 0.470703 0.467773 0.478516 0.465820 0.533203 0.422852 0.562500 0.436523 0.591797 0.498047 0.583984 0.473633 0.573242 0.559570 0.525391 0.524414 0.489258
