0.636523 0.653125 0.597461 0.541504 0.526563 0.594727 0.000586 0.576074 0.500684 0.535352 0.555859 0.586719 0.407813 0.549121 0.421094 0.462695 0.479395 0.522168 0.495801 0.515918 0.494824 0.509863 0.429590 0.487012 0.512402 0.550879 0.479492 0.546973 0.515332 0.549414 0.573730 0.448145
0.602051 0.548047 0.556934 0.518555 0.511719 0.611719 0.500684 0.561816 0.502344 0.560156 0.565332 0.585254 0.403125 0.595508 0.490332 0.457617 0.402148 0.427344 0.471484 0.471680 0.437598 0.550000 0.506250 0.448828 0.488672 0.554199 0.559180 0.579297 0.568848 0.478711 0.594824 0.524414
0.000098 0.617969 0.591992 0.543945 0.506348 0.637012 0.487695 0.584375 0.000293 0.579004 0.604785 0.591309 0.519434 0.604883 0.495410 0.523340 0.523047 0.493164 0.545117 0.495215 0.456738 0.490430 0.484180 0.535059 0.539648 0.568457 0.501074 0.548242 0.595996 0.540332 0.520996 0.517188
0.554004 0.634473 0.533203 0.547949 0.522949 0.528027 0.509863 0.490625 0.425195 0.449902 0.485352 0.439453 0.425000 0.435937 0.441211 0.395801 0.369824 0.336719 0.454199 0.411328 0.481152 0.451660 0.482812 0.370801 0.470508 0.668457 0.439355 0.574707 0.441895 0.537012 0.465137 0.512891
0.630859 0.568164 0.631250 0.581445 0.000000 0.595508 0.602832 0.552344 0.374023 0.456641 0.481348 0.427832 0.441602 0.420020 0.371094 0.207813 0.525098 0.428613 0.573535 0.481152 0.585938 0.591797 0.591406 0.568652 0.481934 0.559570 0.498828 0.536035 0.408203 0.616016 0.537305 0.528125
0.625000 0.602344 0.641016 0.636035 0.609473 0.622559 0.588867 0.583105 0.367578 0.470703 0.535059 0.423340 0.441406 0.453711 0.396387 0.334570 0.477539 0.514258 0.557715 0.493652 0.596875 0.532129 0.614160 0.597070 0.469629 0.569531 0.551367 0.549121 0.533105 0.599609 0.611230 0.573145
0.600293 0.597363 0.607227 0.601270 0.605176 0.631641 0.597949 0.588770 0.471094 0.512402 0.544922 0.444434 0.464746 0.446875 0.324023 0.326172 0.474609 0.568750 0.564551 0.573047 0.609766 0.602832 0.613379 0.595898 0.484766 0.565137 0.516309 0.589648 0.470801 0.587988 0.587793 0.548242
0.554297 0.614746 0.568164 0.621387 0.571582 0.597363 0.527539 0.489355 0.202344 0.302051 0.428711 0.288770 0.361523 0.311328 0.272656 0.121484 0.390625 0.439355 0.538281 0.506445 0.514355 0.525586 0.553223 0.491602 0.375000 0.415527 0.450000 0.493848 0.376367 0.512891 0.553906 0.489063
0.551953 0.597559 0.600977 0.584082 0.536230 0.589063 0.546582 0.495898 0.450391 0.432715 0.508887 0.422852 0.492773 0.389062 0.493555 0.377148 0.518359 0.516406 0.566504 0.562500 0.540527 0.536523 0.569824 0.492773 0.427637 0.536621 0.458887 0.585059 0.458398 0.524805 0.569043 0.507715
0.629980 0.559668 0.622168 0.556738 0.482031 0.620117 0.507910 0.496289 0.372168 0.414160 0.495117 0.423828 0.403125 0.446387 0.535742 0.457617 0.446777 0.521484 0.558398 0.539453 0.479590 0.477441 0.523535 0.470898 0.419141 0.548730 0.527344 0.601562 0.546875 0.434082 0.609473 0.307812
0.616992 0.602051 0.540234 0.548047 0.542871 0.591797 0.561816 0.447559 0.421973 0.578320 0.522266 0.478320 0.471094 0.480273 0.492871 0.406055 0.504590 0.584082 0.571387 0.553125 0.526465 0.535254 0.552832 0.494043 0.494141 0.590234 0.505469 0.571582 0.592187 0.453613 0.587207 0.418262
0.497559 0.601660 0.441992 0.561328 0.377832 0.536230 0.510156 0.376367 0.316406 0.311035 0.377734 0.391504 0.423242 0.319238 0.418359 0.379492 0.398926 0.487109 0.566406 0.535254 0.000293 0.457715 0.440820 0.428125 0.002344 0.485742 0.002539 0.614062 0.442773 0.450586 0.550000 0.317969
0.479297 0.540332 0.456250 0.549707 0.420117 0.516797 0.369531 0.423047 0.561621 0.575293 0.547754 0.458691 0.573047 0.502832 0.588281 0.528809 0.491504 0.459473 0.444141 0.386133 0.502734 0.539648 0.491016 0.474219 0.435840 0.572461 0.417578 0.540918 0.000000 0.542969 0.488379 0.391797
0.550781 0.586133 0.521484 0.582910 0.440820 0.587207 0.438770 0.451465 0.523340 0.547656 0.574512 0.413184 0.524316 0.585352 0.548926 0.505664 0.477148 0.494141 0.422266 0.350488 0.488281 0.455469 0.499512 0.405078 0.388477 0.549023 0.436621 0.591699 0.537012 0.564355 0.552539 0.490625
0.511621 0.598535 0.495312 0.568555 0.396777 0.601172 0.412500 0.517773 0.538867 0.579590 0.585645 0.448145 0.517383 0.574805 0.533789 0.516797 0.504883 0.548047 0.421484 0.477539 0.489746 0.499121 0.535742 0.432129 0.507520 0.618359 0.455078 0.606348 0.513184 0.606641 0.618652 0.577051
0.472266 0.584863 0.346094 0.544629 0.373047 0.563281 0.261914 0.399805 0.529785 0.532422 0.509473 0.499512 0.501172 0.486328 0.513867 0.464648 0.479395 0.488281 0.389062 0.393359 0.433301 0.504590 0.424023 0.433887 0.393066 0.518750 0.381738 0.579395 0.375488 0.377637 0.584277 0.474316
0.536328 0.609668 0.473828 0.535449 0.429688 0.510547 0.437793 0.410059 0.389941 0.499023 0.396289 0.446094 0.376270 0.382910 0.456836 0.414258 0.371680 0.415625 0.442383 0.320508 0.431641 0.392773 0.425977 0.421484 0.344824 0.525195 0.392090 0.514648 0.341797 0.450098 0.534570 0.227051
0.595020 0.571680 0.545703 0.556934 0.493164 0.592187 0.470801 0.500098 0.458594 0.526953 0.524902 0.429688 0.459863 0.490625 0.533203 0.442773 0.451953 0.468262 0.493164 0.420117 0.441406 0.439453 0.511914 0.358203 0.414258 0.529297 0.503613 0.565918 0.500684 0.453613 0.582129 0.406152
0.575195 0.592187 0.532129 0.530664 0.483105 0.596387 0.456250 0.580762 0.461133 0.553418 0.486426 0.433398 0.422461 0.536621 0.467480 0.496484 0.388965 0.515820 0.462500 0.474023 0.412109 0.433887 0.479199 0.363672 0.396387 0.568066 0.468750 0.518457 0.544434 0.439258 0.562500 0.370215
0.557422 0.524121 0.457910 0.503906 0.440332 0.526074 0.340820 0.440137 0.387793 0.491895 0.292285 0.478809 0.287988 0.528418 0.323828 0.408496 0.265820 0.491406 0.391992 0.456445 0.392383 0.443750 0.280566 0.331738 0.285547 0.496680 0.320996 0.522168 0.355762 0.481250 0.469824 0.313672
0.576660 0.535840 0.530762 0.539160 0.488672 0.498437 0.439941 0.415820 0.439258 0.466016 0.397168 0.456445 0.437500 0.469629 0.425586 0.472266 0.394922 0.542285 0.441504 0.529004 0.440332 0.462598 0.460645 0.267188 0.392285 0.419629 0.358691 0.415332 0.442871 0.425391 0.558594 0.352051
0.583594 0.476562 0.579980 0.506738 0.487695 0.512695 0.478711 0.429785 0.368164 0.413184 0.395898 0.503320 0.411914 0.486523 0.483398 0.428320 0.388965 0.542871 0.420605 0.475684 0.453027 0.518066 0.471973 0.397559 0.337109 0.362793 0.440625 0.505566 0.481836 0.501953 0.551367 0.341602
0.608887 0.509961 0.629590 0.535840 0.546191 0.553613 0.481152 0.534961 0.469141 0.565137 0.379492 0.555762 0.360938 0.520312 0.479980 0.464453 0.393066 0.583008 0.272656 0.562598 0.384277 0.530469 0.392871 0.355957 0.470508 0.553027 0.473340 0.559180 0.525684 0.567285 0.486035 0.436816
0.557031 0.529199 0.595020 0.511816 0.533594 0.537793 0.411523 0.427930 0.408594 0.445117 0.397949 0.478125 0.372852 0.473242 0.409668 0.410645 0.257617 0.520215 0.219531 0.482910 0.287793 0.485059 0.312500 0.378809 0.002539 0.002539 0.462598 0.000000 0.548535 0.507324 0.413477 0.433887
0.547656 0.600684 0.569238 0.619531 0.466504 0.591602 0.487207 0.511230 0.445215 0.453320 0.500586 0.481348 0.530078 0.553320 0.432617 0.451758 0.485742 0.457324 0.437109 0.432129 0.451660 0.502441 0.444727 0.487891 0.285645 0.440820 0.402051 0.502832 0.416602 0.522559 0.472461 0.502832
0.541113 0.582422 0.524707 0.610352 0.423047 0.631836 0.445996 0.554980 0.419336 0.529395 0.486719 0.478418 0.533203 0.600195 0.455078 0.559082 0.483594 0.450488 0.483789 0.420215 0.445117 0.572656 0.524316 0.508008 0.488477 0.510547 0.542480 0.562695 0.489844 0.484473 0.577637 0.559180
0.608984 0.618945 0.627051 0.621289 0.531152 0.632812 0.523438 0.552930 0.516113 0.529980 0.544434 0.553809 0.503027 0.602441 0.350391 0.549121 0.445117 0.496777 0.567969 0.598340 0.530176 0.544141 0.518652 0.530371 0.455566 0.448828 0.514551 0.512891 0.491504 0.342969 0.524707 0.501758
0.498340 0.560937 0.504004 0.530566 0.505762 0.569434 0.466113 0.610059 0.000781 0.497949 0.449414 0.473438 0.456445 0.573633 0.385352 0.547168 0.461426 0.440039 0.471191 0.476953 0.488965 0.525391 0.412305 0.468262 0.347949 0.535645 0.404004 0.567187 0.349316 0.510645 0.431445 0.502441
0.571777 0.610742 0.571289 0.587988 0.518652 0.543066 0.671289 0.596387 0.464551 0.512109 0.487793 0.431348 0.430469 0.500391 0.004492 0.468359 0.493848 0.553223 0.527930 0.562012 0.503320 0.578125 0.483496 0.595898 0.472266 0.547070 0.482520 0.535547 0.503613 0.516309 0.512598 0.464746
0.572168 0.573828 0.551953 0.552637 0.505859 0.587402 0.569824 0.528516 0.512109 0.544531 0.512988 0.481250 0.392969 0.586133 0.497754 0.498926 0.471289 0.524121 0.521289 0.510254 0.464258 0.563477 0.426367 0.501953 0.438477 0.542188 0.479492 0.551758 0.600391 0.469531 0.579785 0.458789
0.626660 0.596875 0.625879 0.556055 0.581152 0.616016 0.528125 0.526660 0.570410 0.530762 0.592871 0.521289 0.472461 0.602344 0.442969 0.537891 0.555957 0.571094 0.523633 0.602637 0.456445 0.601270 0.536816 0.567187 0.516211 0.578125 0.531250 0.556543 0.629590 0.500977 0.591602 0.548047
0.616895 0.527832 0.608984 0.576465 0.547949 0.583301 0.506152 0.505859 0.440430 0.530664 0.405469 0.514844 0.369043 0.500391 0.424609 0.460449 0.461035 0.525098 0.476953 0.535645 0.467969 0.543164 0.445020 0.554395 0.415430 0.524512 0.410059 0.537207 0.545312 0.437305 0.523926 0.450293
