0.652148 0.657031 0.660937 0.630371 0.617383 0.673828 0.001562 0.635645 0.631543 0.589063 0.658398 0.615039 0.579688 0.627246 0.591016 0.617969 0.637598 0.620801 0.658887 0.627246 0.600293 0.651465 0.576074 0.619824 0.645215 0.629004 0.619141 0.656348 0.609082 0.633398 0.634277 0.606348
0.657715 0.666211 0.634082 0.650391 0.615234 0.667383 0.614941 0.657520 0.642969 0.656836 0.665918 0.658496 0.626758 0.657031 0.644629 0.614844 0.561328 0.571875 0.622852 0.568359 0.591895 0.597852 0.630273 0.547461 0.583398 0.606934 0.599219 0.630078 0.619629 0.618359 0.601660 0.602539
0.000098 0.674609 0.620313 0.651367 0.605957 0.639941 0.596094 0.606836 0.000293 0.614160 0.614551 0.621582 0.544824 0.614648 0.599902 0.542871 0.527930 0.544922 0.571484 0.544043 0.549512 0.520703 0.572070 0.549707 0.594336 0.622168 0.592871 0.596094 0.601855 0.641895 0.554199 0.652930
0.664355 0.667676 0.615234 0.632910 0.563965 0.625684 0.554785 0.586328 0.528711 0.588574 0.554688 0.614258 0.520703 0.526758 0.556445 0.512988 0.487012 0.560352 0.558691 0.547070 0.582715 0.556152 0.602930 0.529980 0.603320 0.672363 0.613184 0.650879 0.589355 0.673730 0.582324 0.643750
0.679688 0.636523 0.662500 0.666406 0.000000 0.660937 0.662402 0.646094 0.604492 0.623633 0.623926 0.596777 0.599805 0.592871 0.581055 0.523242 0.620801 0.591699 0.660449 0.591504 0.635742 0.628906 0.650000 0.633105 0.577637 0.623047 0.618945 0.631738 0.602539 0.677539 0.633984 0.641406
0.662109 0.628711 0.667383 0.653613 0.645605 0.656738 0.655273 0.657324 0.568750 0.562500 0.620020 0.534668 0.574219 0.573828 0.495996 0.439063 0.564453 0.597266 0.616309 0.567871 0.620313 0.616113 0.641504 0.632227 0.522363 0.620313 0.596289 0.608691 0.542871 0.631836 0.620996 0.620996
0.677441 0.653027 0.665820 0.639355 0.642285 0.654102 0.638965 0.629785 0.538477 0.556348 0.591797 0.502051 0.492090 0.517188 0.476367 0.388672 0.543945 0.597070 0.615332 0.613086 0.614648 0.623340 0.625098 0.615430 0.517969 0.585645 0.521191 0.610156 0.517676 0.639746 0.614160 0.600977
0.654883 0.625488 0.639453 0.658496 0.621387 0.629590 0.558789 0.554785 0.331250 0.462207 0.467773 0.468457 0.403516 0.366992 0.308789 0.194727 0.406250 0.473535 0.555859 0.546484 0.586621 0.562695 0.589355 0.571680 0.410156 0.516113 0.514453 0.558301 0.481836 0.559766 0.588086 0.569141
0.649609 0.598535 0.625391 0.647559 0.604590 0.619336 0.606152 0.583789 0.520703 0.532324 0.588965 0.526367 0.549414 0.503320 0.563867 0.513867 0.572070 0.606250 0.626074 0.641602 0.577637 0.629297 0.606934 0.615820 0.584863 0.612793 0.585840 0.638770 0.602930 0.650781 0.634473 0.638574
0.660254 0.624121 0.629004 0.650488 0.592383 0.671875 0.644629 0.639844 0.560645 0.576270 0.619141 0.601562 0.563281 0.600684 0.619727 0.599219 0.602051 0.635742 0.649219 0.652734 0.624121 0.666895 0.626074 0.655469 0.633008 0.648340 0.661133 0.649414 0.638672 0.658691 0.658301 0.669141
0.653125 0.633301 0.640820 0.642773 0.656152 0.661133 0.669238 0.688770 0.621191 0.624219 0.639453 0.625781 0.623437 0.629687 0.633496 0.625781 0.643262 0.661230 0.666113 0.532617 0.637793 0.669043 0.651465 0.667871 0.651367 0.661523 0.669531 0.664355 0.596094 0.669434 0.666309 0.659473
0.589355 0.617285 0.593359 0.634570 0.616113 0.688574 0.664453 0.677148 0.639648 0.664551 0.657031 0.667871 0.654687 0.651270 0.661523 0.655859 0.667480 0.581836 0.303711 0.414160 0.006152 0.327832 0.286523 0.439844 0.002344 0.450586 0.002539 0.302539 0.433008 0.235742 0.480664 0.441016
0.573047 0.616504 0.584180 0.638574 0.652539 0.292187 0.404687 0.216016 0.081152 0.150488 0.192285 0.182324 0.074023 0.151270 0.058984 0.143066 0.099902 0.132324 0.040820 0.081445 0.043750 0.065039 0.042773 0.056250 0.103809 0.030469 0.102148 0.068262 0.000000 0.079102 0.194434 0.102734
0.586914 0.637891 0.645508 0.682520 0.653711 0.322559 0.339160 0.392871 0.144434 0.134570 0.144824 0.124121 0.087793 0.099023 0.093848 0.097461 0.068945 0.094727 0.067773 0.097559 0.046875 0.069727 0.096191 0.095508 0.047656 0.056836 0.109473 0.100488 0.080957 0.084863 0.174609 0.102930
0.588770 0.639551 0.626172 0.654492 0.667285 0.327734 0.468164 0.435742 0.224414 0.143066 0.089551 0.098535 0.125781 0.220312 0.075781 0.122266 0.116211 0.078320 0.144141 0.068359 0.062988 0.055762 0.101172 0.155762 0.164746 0.098828 0.071289 0.086816 0.118652 0.278516 0.162598 0.155176
0.531836 0.635645 0.606836 0.666699 0.650391 0.162891 0.672070 0.641992 0.215332 0.146680 0.071973 0.100098 0.104688 0.386719 0.078320 0.114062 0.156152 0.046875 0.194727 0.157031 0.154004 0.164746 0.117383 0.189746 0.182129 0.121289 0.317285 0.204395 0.194824 0.156934 0.209277 0.056348
0.591016 0.602832 0.625195 0.665332 0.661133 0.667773 0.552051 0.620996 0.652637 0.670898 0.344531 0.554492 0.354785 0.650488 0.250781 0.269727 0.180273 0.148047 0.272461 0.131055 0.106445 0.109570 0.140820 0.091406 0.156348 0.137500 0.184082 0.344727 0.193359 0.163965 0.280664 0.072754
0.585254 0.625391 0.631641 0.660449 0.632812 0.453516 0.686621 0.671973 0.320898 0.311133 0.147949 0.178711 0.194238 0.174219 0.118164 0.132227 0.209766 0.189941 0.101562 0.154492 0.111328 0.113281 0.091016 0.179492 0.145703 0.187500 0.110059 0.105957 0.175488 0.274902 0.129980 0.106348
0.619141 0.656641 0.643457 0.668359 0.632520 0.229199 0.306836 0.670605 0.239453 0.673535 0.354590 0.257617 0.475195 0.232910 0.117871 0.196680 0.249316 0.117383 0.125586 0.109766 0.099609 0.140918 0.125684 0.187891 0.136621 0.190137 0.169922 0.202051 0.345215 0.240039 0.259766 0.270605
0.609180 0.615918 0.620020 0.653320 0.662012 0.244824 0.190430 0.382520 0.170020 0.229199 0.235645 0.345020 0.262598 0.151465 0.083594 0.157520 0.162305 0.206250 0.098047 0.116602 0.092578 0.166406 0.150684 0.138379 0.153711 0.261328 0.160840 0.307324 0.326465 0.302539 0.223730 0.190625
0.620605 0.585645 0.632324 0.638770 0.646875 0.626367 0.414551 0.393359 0.355273 0.249219 0.250684 0.344141 0.330078 0.664941 0.508594 0.543555 0.440820 0.564746 0.535254 0.682324 0.473535 0.666699 0.684277 0.660742 0.610059 0.509473 0.585254 0.441699 0.608887 0.452734 0.524414 0.671387
0.619727 0.582031 0.619043 0.620996 0.647852 0.660156 0.480664 0.671973 0.531250 0.670020 0.671289 0.660547 0.653125 0.663281 0.648438 0.673438 0.654590 0.583887 0.655957 0.629004 0.637598 0.648926 0.649707 0.642676 0.645703 0.669434 0.648633 0.669629 0.665430 0.648438 0.560156 0.616992
0.607910 0.630078 0.654004 0.634473 0.659473 0.465723 0.652051 0.652148 0.653711 0.637402 0.642188 0.664160 0.634375 0.650195 0.641113 0.646094 0.642090 0.666016 0.613477 0.648535 0.600098 0.647656 0.600879 0.610840 0.605273 0.634082 0.578809 0.633398 0.616504 0.620996 0.613965 0.582324
0.594141 0.604395 0.594043 0.606543 0.611719 0.629590 0.582422 0.577344 0.570703 0.545703 0.560059 0.552344 0.562305 0.537695 0.573730 0.492676 0.483203 0.528027 0.500781 0.498535 0.522168 0.527051 0.546875 0.488184 0.000586 0.001562 0.581738 0.000000 0.605176 0.615723 0.589258 0.538379
0.649219 0.610449 0.600488 0.594141 0.564160 0.581836 0.567285 0.522949 0.495996 0.442578 0.539648 0.463770 0.553516 0.542578 0.469727 0.458594 0.485742 0.472949 0.469336 0.455566 0.496582 0.502441 0.532617 0.488867 0.407715 0.436914 0.514355 0.561426 0.467383 0.581152 0.584766 0.558496
0.684668 0.592187 0.639941 0.626953 0.550000 0.615234 0.535840 0.554980 0.513086 0.528418 0.582422 0.515527 0.561523 0.607031 0.541016 0.528809 0.488477 0.512012 0.500391 0.448535 0.506641 0.590234 0.572168 0.565625 0.517773 0.563281 0.573730 0.613477 0.574805 0.589941 0.619629 0.628516
0.661719 0.639453 0.657324 0.615430 0.584863 0.629883 0.561523 0.582227 0.524902 0.555371 0.593262 0.548926 0.585059 0.617090 0.526172 0.567676 0.534961 0.574902 0.615820 0.643262 0.580957 0.606641 0.634863 0.604590 0.590332 0.562109 0.634668 0.609570 0.591113 0.598828 0.577441 0.647266
0.614551 0.592187 0.597754 0.604785 0.591699 0.638770 0.547168 0.685254 0.003711 0.627832 0.616406 0.617969 0.604883 0.635156 0.585547 0.606738 0.616699 0.576758 0.628418 0.588281 0.627637 0.605469 0.627148 0.624512 0.632129 0.603027 0.614941 0.656055 0.563184 0.653223 0.578906 0.667480
0.649902 0.637109 0.634766 0.642676 0.578223 0.640723 0.581445 0.656934 0.561230 0.605859 0.587402 0.530957 0.561328 0.519922 0.003516 0.476172 0.583691 0.557129 0.613867 0.526855 0.611719 0.555664 0.597754 0.624219 0.581641 0.580273 0.600684 0.580469 0.580762 0.603223 0.564355 0.592676
0.631738 0.642188 0.618359 0.604395 0.572266 0.631348 0.619629 0.610547 0.554102 0.570898 0.576465 0.544727 0.483789 0.586133 0.563184 0.500879 0.572852 0.540723 0.600391 0.515137 0.530664 0.562500 0.532813 0.528320 0.582031 0.581250 0.560547 0.593750 0.607227 0.599414 0.617871 0.619922
0.664746 0.628125 0.648340 0.638086 0.625098 0.625781 0.583789 0.568652 0.567480 0.583496 0.602637 0.602344 0.569141 0.635547 0.552344 0.607227 0.633105 0.639453 0.634961 0.650488 0.588281 0.658887 0.617871 0.619922 0.607031 0.638672 0.599609 0.629785 0.644238 0.637695 0.621875 0.596875
0.646191 0.630371 0.648047 0.632129 0.629980 0.616504 0.627246 0.623047 0.614258 0.622461 0.593945 0.645703 0.560449 0.631250 0.566211 0.591309 0.593848 0.610059 0.595117 0.624512 0.567578 0.636914 0.559277 0.644238 0.577539 0.619238 0.566309 0.639746 0.614648 0.633594 0.588379 0.596777
