8.400000
9.500000
10.000000
8.700000
10.000000
7.800000
10.000000
10.000000
10.000000
10.000000
9.900000
10.000000
10.000000
10.000000
9.900000
10.000000
10.000000
10.000000
10.000000
10.000000
10.000000
10.000000
10.000000
10.000000
10.000000
10.000000
10.000000
7.300000
10.000000
10.000000
7.600000
10.000000
9.000000
9.700000
10.000000
9.900000
10.000000
8.100000
10.000000
9.600000
10.000000
10.000000
10.000000
10.000000
10.000000
10.000000
10.000000
10.000000
10.000000
10.000000
10.000000
10.000000
10.000000
9.800000
10.000000
10.000000
10.000000
10.000000
10.000000
9.300000
10.000000
10.000000
9.200000
10.000000
8.700000
10.000000
10.000000
10.000000
10.000000
8.600000
10.000000
10.000000
10.000000
10.000000
10.000000
10.000000
10.000000
10.000000
10.000000
10.000000
10.000000
10.000000
10.000000
10.000000
10.000000
10.000000
10.000000
10.000000
10.000000
10.000000
10.000000
9.700000
10.000000
7.900000
10.000000
10.000000
