0.492499
0.490015
0.490533
0.491162
0.491895
0.484888
0.478094
0.487817
0.494568
0.497723
0.486877
0.490143
0.497729
0.499298
0.494824
0.488873
0.490234
0.495868
0.483075
0.484503
0.490009
0.497626
0.492432
0.490808
0.483399
0.493237
0.498865
0.484522
0.491687
0.487061
0.498682
0.494818
0.499274
0.489319
0.495184
0.491492
0.491431
0.490924
0.490063
0.484442
0.484692
0.489770
0.487006
0.482349
0.490814
0.493988
0.498517
0.490656
0.492529
0.491638
0.485004
0.496149
0.493445
0.492780
0.483972
0.492285
0.487463
0.487591
0.495587
0.488782
0.499390
0.498639
0.497467
0.499316
