7.700000
7.900000
8.700000
9.500000
8.900000
8.500000
6.100000
5.100000
6.900000
6.100000
10.100000
11.900000
8.900000
7.300000
8.500000
6.900000
7.900000
8.900000
9.900000
10.900000
8.300000
8.100000
7.300000
6.900000
9.900000
9.500000
8.700000
9.700000
9.900000
9.100000
7.300000
5.300000
10.100000
10.100000
11.900000
11.500000
10.100000
8.500000
7.100000
6.900000
8.700000
9.700000
10.100000
10.700000
11.300000
10.700000
6.100000
9.700000
8.900000
9.100000
9.300000
9.900000
10.500000
10.100000
10.900000
8.500000
7.700000
8.900000
9.300000
9.100000
10.100000
9.300000
7.900000
8.700000
