7.300000
7.300000
7.300000
7.500000
7.500000
7.700000
7.300000
7.100000
7.300000
4.300000
8.000000
8.000000
5.100000
2.500000
4.700000
1.900000
8.000000
8.000000
8.000000
8.000000
7.100000
5.300000
3.500000
1.300000
8.000000
8.000000
7.700000
8.000000
8.000000
6.100000
4.300000
0.300000
8.000000
6.900000
6.900000
7.100000
7.100000
5.700000
3.900000
5.700000
8.000000
8.000000
6.500000
8.000000
8.000000
6.700000
3.700000
4.300000
7.700000
7.500000
8.000000
7.300000
8.000000
7.900000
4.700000
2.500000
6.500000
7.700000
8.000000
8.000000
8.000000
6.500000
5.300000
4.700000
