0.499152
0.488489
0.498773
0.487439
0.498975
0.495752
0.481329
0.498743
0.493896
0.490460
0.495178
0.490509
0.498767
0.491974
0.489941
0.492169
0.488403
0.497882
0.487531
0.486945
0.493915
0.483728
0.496118
0.485803
0.485596
0.497265
0.497888
0.480493
0.494495
0.488770
0.489282
0.492133
0.482001
0.497864
0.496283
0.486243
0.497107
0.496173
0.496655
0.499396
0.491955
0.483972
0.495428
0.485156
0.490204
0.490387
0.498254
0.497736
0.489966
0.493225
0.491168
0.493463
0.499548
0.483685
0.498560
0.491797
0.496008
0.499921
0.481671
0.495618
0.484619
0.482404
0.489044
0.489551
