0.490247
0.489832
0.489355
0.495068
0.497021
0.498071
0.486029
0.486475
0.489441
0.499799
0.536194
0.566193
0.491016
0.488495
0.490369
0.494550
0.564636
0.601947
0.649335
0.636420
0.496844
0.497522
0.495605
0.485498
0.569275
0.599377
0.497217
0.569177
0.549243
0.485901
0.495508
0.486517
0.508185
0.498047
0.494757
0.495337
0.488806
0.495135
0.498364
0.491400
0.556958
0.525659
0.493964
0.514636
0.516510
0.494293
0.497540
0.495111
0.491614
0.499878
0.502643
0.494012
0.614905
0.494012
0.499414
0.493628
0.485876
0.498395
0.525739
0.545911
0.517700
0.491681
0.489227
0.485278
