0.490918
0.484888
0.485529
0.493726
0.483044
0.485071
0.482245
0.489893
0.496948
0.497052
0.495422
0.495880
0.497790
0.495819
0.488782
0.487408
0.499085
0.481097
0.485150
0.498480
0.495502
0.489099
0.490417
0.485132
0.499268
0.496899
0.494287
0.481958
0.485461
0.488098
0.498132
0.484808
0.482733
0.494446
0.491095
0.497961
0.499487
0.477374
0.489758
0.491461
0.499951
0.489954
0.489813
0.494373
0.488800
0.497528
0.492456
0.491571
0.485571
0.496399
0.485797
0.497858
0.481604
0.483624
0.481836
0.496558
0.480627
0.492169
0.488629
0.487463
0.496643
0.483319
0.493500
0.493396
