8.500000
9.500000
9.900000
11.500000
11.700000
11.300000
9.900000
9.900000
8.100000
7.500000
11.700000
13.500000
10.700000
8.300000
10.700000
9.500000
9.900000
10.500000
11.900000
12.300000
10.100000
10.100000
9.500000
9.900000
10.500000
11.100000
9.700000
10.700000
11.900000
10.900000
10.500000
8.900000
10.100000
10.900000
12.100000
12.100000
12.300000
12.300000
11.100000
11.100000
9.700000
10.500000
11.700000
11.900000
12.100000
11.700000
8.300000
10.100000
9.300000
10.100000
10.700000
10.300000
12.100000
11.100000
10.900000
10.100000
8.700000
9.500000
10.100000
10.500000
10.700000
10.300000
9.500000
9.100000
