2.525044348852758969e+00 2.596435337402315024e+00 2.585452108394691084e+00 3.824909501905060072e+00 3.078049929386627692e+00 3.794707379450735996e+00 3.230716812592601350e+00 3.888063068698898395e+00 0.000000000000000000e+00 2.277921696181218980e+00 3.592614208393812625e+00 2.652449805341197564e+00 3.483331079767953309e+00 2.295492578081783641e+00 3.827655309156966279e+00 2.949546149997427147e+00
3.692923783880461386e+00 2.461182465744063297e+00 1.150048461637924631e-02 2.633120212766837387e+00 3.714775403903422646e+00 1.566416130067015855e+00 3.983320313132973745e+00 3.317995803683377432e+00 3.375501907038119587e+00 1.495110659662657993e+00 3.864287592352906309e+00 2.622192194591649539e+00 3.982170227868607082e+00 2.896489738306739614e+00 3.933292892228531734e+00 3.668769785165059361e+00
3.213640161069073020e+00 4.216209182650486831e+00 2.438683330706063135e+00 3.714021456525021581e+00 4.172852534350844245e+00 4.056038996620062953e+00 1.980450157346108186e+00 2.402552597770423404e+00 1.806430669516060142e-03 3.329853289416791817e+00 1.964794424876969314e+00 1.812453839254557497e+00 4.103006194027480014e+00 4.195134158172799665e+00 4.166833411017047517e+00 3.703182872507925438e+00
5.106250564073112841e+00 3.208841840516847732e+00 4.041942994007992951e+00 4.205682620171856456e+00 3.455209333587477616e+00 2.583447435029864625e+00 3.351355959585396782e+00 3.908525520837436318e+00 3.433225772667328535e+00 2.913958902656924810e+00 2.920781387080419123e+00 3.751608379097065793e+00 5.238154355366243742e+00 5.210861991900026524e+00 5.115347209971105258e+00 5.270748244061810084e+00
4.176118521003381545e+00 4.811367626213190363e+00 3.318001591292757624e+00 3.709157364906434218e+00 5.289699589682627767e+00 4.120780591790594194e+00 2.689574970506443563e+00 2.986732069840864590e+00 3.036763622279823327e+00 3.001893146337518914e+00 2.084650444062182917e+00 3.472644571558630044e+00 5.160072385636235381e+00 5.236635821944338076e+00 5.291213028982829414e+00 5.232087498995342756e+00
2.937007469685372296e+00 1.622340088628277055e+00 3.423492315539099273e+00 2.603997009725976142e+00 2.599653395030853797e+00 1.954628929399657045e+00 3.311282269248433163e+00 4.724404916728307313e+00 3.291736003120381504e+00 4.916971834878740566e+00 5.044384532602335547e+00 5.037869110559651809e+00 4.312485456474184353e+00 4.991537220478344139e+00 4.976334569045415712e+00 4.819240504238483602e+00
3.469052882058042631e+00 3.218084166185528172e+00 3.811180465645530369e+00 3.031920367554607143e+00 3.778228669842688348e+00 2.792485975188403469e+00 2.677711232058732627e+00 2.136239799299510356e+00 2.666728003051108686e+00 2.866620837941560307e+00 2.290001315041300334e+00 2.907260718318074311e+00 3.799098913737143590e+00 9.994754212787617664e-01 2.547559968318388268e+00 2.007185101143287298e+00
2.986760308064106528e+00 3.003772671437043407e+00 3.005518785516485991e+00 3.001154965998416468e+00 2.998974312536984321e+00 2.831033146921138943e+00 2.181508441745084959e+00 2.198520805118021837e+00 1.544198997339512047e+00 1.365351074700942746e+00 2.080742206900729308e+00 1.586075723692287331e+00 2.141814183505834635e+00 1.299482833025116468e+00 2.403539500654848116e+00 1.321731165629798088e+00
1.614132747849386540e+00 4.369517050864246244e+00 1.847429815163730504e+00 3.738991307483659376e+00 1.645658833251469444e+00 3.720076866844088670e+00 2.465337457239515029e+00 3.001280303774082725e+00 2.332931328588859099e+00 4.312769491839658187e+00 3.839875991372003305e+00 3.991199788933375459e+00 2.585138599436895390e+00 4.319072691250608109e+00 4.293851621161995702e+00 3.738990702182819703e+00
0.000000000000000000e+00 3.600820009389519516e+00 2.633173772597912077e+00 3.327445293248584957e+00 3.173294423237895234e+00 2.363413459283513429e+00 3.191360849478374728e+00 2.727708191423933837e+00 3.556861988277124631e+00 2.769861901412132177e+00 3.287703625833293231e+00 3.124522914706280297e+00 4.160809085162922472e+00 3.460519019236268257e+00 4.088553977927600336e+00 4.178874162601835529e+00
5.949765827011389341e+00 6.274099286458050706e+00 4.874863382020933500e+00 6.312449526595324656e+00 5.489558737794896004e+00 5.708707174719951816e+00 1.938330708652513446e+00 6.371618468521404566e+00 4.087035669917440828e+00 4.393837240384867115e+00 2.476324882890392765e+00 7.494728787031710304e+00 7.538564996148989117e+00 6.884415965214098598e+00 7.571433124244696167e+00 7.557188749336566147e+00
6.946693391442570586e+00 6.391626494312302675e+00 8.145724869246043554e+00 7.963106848578579644e+00 6.439688097221060836e+00 7.071642563478202526e+00 8.289895837448646887e+00 8.068833071070269369e+00 6.846974340683362747e+00 6.199400459003786779e+00 8.253857036102651534e+00 8.001547365240595511e+00 8.232228142193790177e+00 8.251451091737731502e+00 8.265872148485600590e+00 7.718014241893301097e+00
5.516766314419474959e+00 4.992874185893445116e+00 2.055885874295448446e+00 3.564072576275030269e+00 5.508832834572176651e+00 3.659324374321256901e+00 2.976676031597390804e+00 3.953022138641003824e+00 5.485014868372277697e+00 3.476757052181000951e+00 2.254331840568969625e+00 2.895708713834603376e+00 5.350072302212222297e+00 5.445328672430102657e+00 3.516447058266221504e+00 5.643775908751304193e+00
2.219914830718538568e+00 2.571629731881763803e+00 1.752179689431340393e+00 2.398055998127485822e+00 1.881904569195028243e+00 3.114732351989653036e+00 2.347813350922731246e+00 2.073745845059509207e+00 2.028069169837107832e+00 1.566727821764074102e+00 1.754007802997615162e+00 1.658083949386278011e+00 3.151731663337787204e+00 3.128891717887038570e+00 3.142596796028448214e+00 3.110622275602823450e+00
3.123782901575642867e+00 3.388019462195598575e+00 2.119683971219810559e+00 2.938455341250413078e+00 4.154667455884730742e+00 3.134641011675647349e+00 2.885608029126422558e+00 3.829620057873608374e+00 4.358090630859565273e+00 2.714756172878745932e+00 4.459441408752975455e+00 3.663113669596658628e+00 4.893802646605781348e+00 4.962579789177527623e+00 4.901047100938893841e+00 5.016871961293704274e+00
4.300158048844092029e+00 1.442633667999308367e+00 3.776827048838984346e+00 2.515783229221779216e+00 4.286917092975216725e+00 2.673412042096620311e+00 3.694856603823263086e+00 3.013893159138274491e+00 4.293850612327262617e+00 3.026505610968573290e+00 3.625499215938680742e+00 1.721321841750361292e+00 4.192966937273650885e+00 3.852489653803982783e+00 3.431299135162690916e+00 2.514520571670122884e+00
3.884134998463385280e+00 6.125864962222020260e+00 4.218154680586081007e+00 5.106637079428264947e+00 3.473769574613411404e+00 5.477874841111062487e+00 5.535129337567074259e+00 5.134309383659417136e+00 3.454688712487617774e+00 3.435602353402456011e+00 6.203169007199099028e+00 6.203169007199099028e+00 5.477875451884325564e+00 5.926411456198202643e+00 6.632611017762024552e+00 3.912768659810653915e+00
5.249787062966713158e+00 3.550122645619846473e+00 4.072139865057073926e+00 4.368937497593458730e+00 6.151631959258940796e+00 2.395376391210043643e+00 4.762119426459451077e+00 5.220205786901749967e+00 4.885231771555463176e+00 3.206559631261253873e+00 3.426055967300244198e+00 6.788172219393243445e+00 6.660291567432229165e+00 5.239291535213648210e+00 6.623068907072653388e+00 6.642155571544446246e+00
5.336771367137304267e+00 8.206998020917364300e+00 7.221821856790261229e+00 7.112491331259081839e+00 8.315127112102045359e+00 8.327141455567010908e+00 6.463716784150990158e+00 7.196591735513835353e+00 7.738438625783741642e+00 4.651953789634318603e+00 5.776496337955011384e+00 6.160955328833880529e+00 8.301911334290585032e+00 8.331947192952995351e+00 8.239436748272767730e+00 8.012365656784934842e+00
8.008761353745446954e+00 8.126501919702100452e+00 8.174559293561959095e+00 8.097671339976095339e+00 7.999149878973473626e+00 8.170954990522469430e+00 7.588259332471682939e+00 6.627111855274510077e+00 7.189383129434856023e+00 7.746848666209215750e+00 8.033991475021872830e+00 6.713615128222254924e+00 8.133705912273187622e+00 8.216609495689334963e+00 8.078444545842241808e+00 8.092861758000198691e+00
4.502819944282942188e+00 4.012922191828580232e+00 3.163196811624009452e+00 2.700370477883990095e+00 4.525926558898472507e+00 3.571883688350216968e+00 2.520785937545495070e+00 3.264213115564412515e+00 3.655733822993558757e+00 2.429670868779707504e+00 2.153033772219973940e+00 2.370249302244716638e+00 4.562238552954916315e+00 4.217595748832011715e+00 2.475889802460871092e+00 4.074324258929610032e+00
4.160454964002211042e+00 3.175251937477262310e+00 4.843990828843756979e+00 5.532083016166976286e+00 5.551222603666476907e+00 4.127645242489816901e+00 6.078909083262491464e+00 5.369857754195186850e+00 4.884999772672590446e+00 3.818683823519779086e+00 6.225644656976802693e+00 4.565108195988406337e+00 0.000000000000000000e+00 6.267568190020417873e+00 6.255720235029830434e+00 5.681550108562931634e+00
3.635451437498507410e+00 3.701347296910969309e+00 3.723314106389545852e+00 2.641464643285268199e+00 3.613484803751595642e+00 3.415786857346027272e+00 3.207103573152866538e+00 2.361391776395863396e+00 3.789214710556938925e+00 3.108255566474234843e+00 3.761756286574550856e+00 2.927028597483491978e+00 -5.493020357124980130e-03 3.701346769715976759e+00 -1.647695229140547224e-02 2.103288003496668779e+00
4.477143384531236059e+00 2.362163130952133816e+00 3.121989370200922487e+00 4.012374123829169470e+00 5.013282627779463319e+00 4.525886176853688880e+00 3.899224803946563345e+00 5.866244311547311518e+00 3.585889104206473110e+00 4.395331840213003716e+00 3.568484922996148612e+00 6.034221439532476694e+00 5.953279421910761648e+00 3.812183287716994773e+00 5.996798648187996683e+00 6.010721658937153933e+00
4.956577989592383382e+00 5.406259937922379244e+00 6.825288790654449045e+00 4.187111864709690323e+00 4.596819511854358886e+00 4.077181737002389283e+00 6.855264879747073437e+00 3.677459510788019692e+00 4.996548133649929113e+00 4.836663080512902724e+00 5.825973471857194497e+00 5.516191984304041895e+00 4.656778725178929434e+00 5.945896695192235626e+00 6.765327658655517773e+00 5.526184760152723641e+00
6.309933187799442678e+00 6.535801307104815550e+00 8.217807854363904596e+00 6.968317671843544225e+00 7.761261264859283138e+00 2.979556794852246782e+00 7.701188394157487238e+00 8.025575667711533967e+00 8.193779551892966140e+00 2.811358677555677144e+00 8.085651614085255900e+00 7.316729787737608959e+00 7.977527136408465225e+00 2.871428857044536986e+00 8.157739212711007326e+00 8.253852422594761151e+00
3.913331624536711129e+00 3.525176095981215507e+00 5.453266470439516844e+00 5.435010297046471983e+00 4.175280990923697644e+00 5.007162984339000644e+00 2.714726665210404288e+00 5.326259670212586173e+00 2.713139359618057522e+00 2.766322606281138352e+00 2.402771457449929482e+00 5.468349048686014235e+00 2.853638384384703297e+00 3.740290422036362195e+00 4.879364436387419346e+00 5.457236131472833485e+00
4.644511503410779341e+00 4.741992319424610969e+00 3.069606019681406561e+00 3.539730913018207747e+00 4.168169076222624447e+00 2.726697435167031003e+00 3.249358100230749002e+00 3.448470285652421641e+00 3.773406339031859513e+00 2.717018046430039302e+00 2.647886698118812721e+00 2.502701176657313287e+00 4.320960368972043497e+00 4.770337804932179182e+00 2.938253758846773422e+00 4.734387433068921958e+00
5.519186715201762183e+00 3.412642156873804122e+00 6.005853030505265089e+00 6.809295360743220726e+00 4.552854367999136898e+00 3.777390147286377342e+00 5.630110076669695651e+00 6.724354047907415755e+00 3.847341816680569515e+00 2.868021642952479855e+00 5.402267496357184839e+00 5.336308588307247192e+00 5.025527791191320759e+00 4.466909268693716406e+00 6.779316073859996017e+00 6.793306407738834096e+00
3.265743651146000293e+00 4.642792228648811914e+00 3.435626276817610236e+00 4.376975245392761948e+00 4.386968980578623167e+00 5.200406964676800747e+00 3.442621443757029276e+00 5.883934705614335847e+00 5.711054151254404410e+00 4.336999984870254288e+00 4.406954532275987546e+00 6.865259574270115017e+00 6.812293289431543997e+00 6.272666125533490344e+00 6.897234602267348968e+00 6.585449698902746007e+00
5.240426091068501435e+00 4.245103844835398377e+00 5.235119714294673265e+00 2.932910248277742493e+00 5.266957974937645837e+00 4.474033674162635421e+00 4.192034982975404667e+00 2.523561182868080621e+00 5.288941535857795806e+00 2.063422511194627607e+00 3.994943656868364723e+00 2.364369879653212436e+00 5.173717354483224007e+00 3.086795174718782064e+00 5.214652261024189883e+00 2.064180565019460456e+00
0.000000000000000000e+00 2.101153955001085816e+00 3.115645897187480085e+00 3.128893764228282137e+00 1.849472252999868838e+00 2.493521617467592932e+00 1.922099096227080528e+00 2.715056327940533532e+00 2.921060770050422750e+00 2.298479717731622518e+00 1.514201165397521809e+00 1.717008199315017691e+00 3.026118467800476886e+00 3.109251080802694300e+00 2.900505856932093174e+00 3.086412450857030088e+00
3.881585766699312767e+00 3.937147558660319291e+00 5.445331974554075138e+00 3.280691917291232329e+00 3.746636850300850252e+00 4.040340710849467776e+00 4.784904640075380300e+00 3.296567513310062481e+00 3.754578458453309509e+00 3.730762016310628759e+00 4.746009429829246784e+00 4.384839620400862614e+00 2.744890551655717825e+00 4.212589403596557425e+00 5.142899330299997906e+00 5.540583010571691780e+00
6.716017996915248034e+00 5.980740176859410617e+00 7.380411190527794041e+00 7.964308282925077087e+00 6.619903249195530748e+00 3.272707159856374837e+00 5.971124473038539548e+00 5.011182659236762760e+00 7.877805009977332240e+00 3.768899544959415593e+00 8.145728713835953982e+00 4.177387222768214059e+00 8.145723715869070958e+00 6.592270259226112650e+00 8.133710525781078005e+00 7.108887028219593063e+00
7.344368160132900059e+00 6.691989309985318712e+00 8.275479778667660824e+00 7.590662201164675160e+00 6.603083168344580756e+00 5.850984498519810728e+00 3.586281524291952572e+00 8.229825273500797067e+00 4.625526078601304825e+00 3.688398445777270496e+00 4.361202448733274117e+00 8.205799662242792891e+00 3.965934777784836385e+00 5.634722087101546428e+00 6.355587308507317346e+00 8.614283879920673570e+00
8.041200081100850383e+00 8.133706296732178487e+00 8.395623213317307432e+00 8.157743057300917755e+00 5.669568681116825992e+00 7.477727372594007882e+00 5.262282437654524081e+00 8.234631010886781510e+00 8.200990849184881526e+00 6.974326381411988685e+00 7.829747636117473597e+00 6.828952825485916200e+00 8.264666869549193606e+00 7.630309534599059695e+00 8.092861758000198691e+00 8.169753171716982010e+00
8.181767130722956693e+00 8.241838848047779109e+00 8.241839616965760840e+00 8.112084707544143569e+00 7.076451376536114779e+00 8.289895068530665156e+00 6.319544662571414229e+00 7.136523862778921590e+00 8.265867919436699296e+00 6.247457063945663691e+00 6.535802076022797280e+00 5.887023684324796058e+00 8.157743057300917755e+00 5.959118203212383058e+00 8.265863690387799778e+00 7.850172020007912366e+00
6.825284313747608245e+00 6.767324359106706488e+00 5.748028605077048603e+00 4.123151256006241994e+00 6.375590533592387921e+00 3.847341816680569515e+00 3.649478523251282969e+00 4.135142970759531522e+00 6.865256696258574820e+00 2.947962890404753011e+00 4.686757692283094023e+00 4.470910983851654308e+00 6.693375451461416326e+00 3.541553090471672327e+00 6.855263280851772834e+00 6.862258767570252438e+00
5.002393708962196150e+00 2.047290392967767936e+00 4.922765406073957628e+00 2.772674047053235391e+00 5.074792152062697959e+00 2.222479609105405096e+00 4.604228565257060701e+00 2.247820604725926152e+00 4.965475532307609186e+00 2.584451901895176373e+00 4.343611451890256880e+00 2.374508671688649208e+00 4.879324394274273224e+00 4.109059501585943686e+00 4.992985092043385364e+00 2.285465265416988245e+00
5.494162531755575785e+00 4.962200459937180064e+00 4.795960168025044545e+00 5.618843349146109389e+00 4.909836319981874198e+00 3.935682237195559985e+00 1.746329119397649565e+00 4.437720689416492448e+00 3.258265196319205526e+00 4.320522971265579493e+00 3.432812595484195040e+00 4.529979797067439584e+00 5.712765367739193856e+00 2.067999452194837051e+00 5.743516453098171937e+00 3.840098105602248069e+00
2.889605157623766463e+00 4.410125491722351576e+00 3.999314512426328072e+00 5.962851735502236572e+00 4.313515282608244128e+00 5.953277750815252567e+00 4.603345909950565584e+00 5.821853051930295564e+00 3.572837012733422579e+00 4.917545566068810103e+00 3.611999693018691726e+00 4.462347226378626353e+00 3.342187675810527114e+00 4.717362528402343713e+00 3.753872359541839732e+00 5.239577646837739522e+00
5.739168638724528648e+00 5.382320118573321821e+00 5.948925939593896040e+00 3.672930898951960454e+00 5.878426597807925980e+00 5.283098822726400634e+00 4.264777782088236435e+00 5.509389942561822018e+00 2.987953584583152633e+00 2.636327237897572839e+00 3.786073255936611925e+00 4.437106721294759915e+00 2.114976911388084968e+00 3.269950951727032429e+00 5.848835952598212984e+00 5.988091126522429697e+00
3.657786528464081144e+00 3.754164843517714178e+00 7.293773199951745667e+00 6.349495184604838194e+00 7.377530545176925969e+00 6.713208587842954600e+00 6.647809016913702962e+00 5.924971654011453204e+00 5.936445262946409507e+00 5.205576373789691402e+00 5.388006755855497154e+00 4.774168677835333163e+00 5.844656391466759082e+00 7.581760784219148341e+00 4.767284512474359026e+00 7.418835537342769015e+00
7.076448300864187857e+00 8.024380000249900391e+00 6.148940985368915868e+00 7.600273675936647599e+00 6.100883611509057225e+00 7.018779452232358551e+00 4.084876778087986438e+00 7.696388423656364886e+00 5.750064782332089841e+00 3.794129666235841469e+00 4.895844961973101483e+00 5.161361952548820575e+00 5.740453307560117402e+00 6.446896703300040166e+00 7.647129615450009688e+00 8.235832445233278065e+00
5.339174235830297377e+00 5.374015831878694804e+00 5.178177804350871938e+00 6.159753894487384862e+00 7.196591351054843599e+00 4.492163021550288349e+00 6.904643189315193830e+00 8.182969333987434979e+00 8.205800046701783756e+00 3.916675969578481187e+00 8.268271172588683271e+00 4.158164273224270957e+00 8.083250283228226252e+00 6.583855220833755517e+00 8.263465435202697051e+00 5.232246578992111985e+00
5.195192236055006241e+00 2.852177074476839547e+00 5.785297837670904109e+00 4.687771047644876177e+00 5.404079174680102682e+00 3.250802982353065307e+00 5.207377307474803096e+00 2.751215054141376459e+00 5.940222317151183873e+00 3.961888935922665222e+00 5.921074347777216751e+00 3.720798594259532965e+00 5.202155134009176507e+00 4.366607379508789855e+00 4.386625711127027927e+00 4.159461165372235314e+00
3.527942279475283271e+00 2.564534424021740922e+00 3.440359777674494524e+00 3.567800108112137547e+00 3.429870371934329754e+00 3.608183892264562154e+00 3.482317232812721208e+00 3.506964474929570308e+00 3.607133491635349021e+00 2.370491745843132048e+00 3.560980139943108469e+00 3.005070165528513915e+00 1.888002409114169361e-02 1.888002409114169361e-02 3.559408986293852717e+00 0.000000000000000000e+00
5.722631756083375265e+00 4.391847884592655404e+00 4.221256884715493207e+00 4.943660054103881762e+00 5.904537465136063368e+00 3.176818292367156182e+00 3.625929109633968306e+00 4.410995853966622526e+00 5.204765942226071473e+00 3.706872798351192877e+00 5.820112327441753663e+00 5.039397115814536754e+00 3.034953145773799044e+00 3.925336228306536945e+00 5.921944710021487701e+00 4.110720879693046115e+00
2.473662125514106691e+00 4.542188780697875572e+00 2.785462466097354817e+00 2.256577187724439160e+00 2.758497253636278401e+00 4.738535552899297620e+00 3.479581184380240000e+00 3.041954542275592477e+00 2.658944811270893105e+00 4.333402516132593973e+00 3.021905296428776033e+00 3.064077848037596752e+00 4.765498331796740317e+00 4.669400222393034205e+00 4.722634426882857284e+00 4.758584798746113620e+00
3.722539318748075310e+00 3.079341620231632159e+00 5.482411776664513958e+00 5.008934715780961611e+00 5.909762423760873240e+00 1.775538978313320859e+00 5.941963041639726661e+00 5.233488174802940485e+00 4.820936471018374192e+00 2.210720100448938741e+00 4.900139435247057307e+00 5.075952608589846982e+00 4.751307491476675970e+00 3.734724390167872610e+00 5.886259858006367196e+00 3.861797277831473085e+00
5.964510753120922715e+00 7.105097179126099505e+00 4.715103505274077733e+00 7.177295815063225781e+00 5.483161176573169371e+00 4.823926001364660543e+00 4.227474490747850311e+00 7.198223926493647618e+00 5.692449322722830551e+00 7.136481644726726081e+00 2.835762112470227692e+00 5.566873957144641061e+00 8.371244572168800094e-03 7.177295815063225781e+00 5.234120668748542649e+00 7.387621325840268760e+00
4.623019814980220410e+00 6.650953812588112690e+00 7.188806276349957614e+00 7.048587929766131133e+00 5.137851356168601669e+00 4.411645889532958442e+00 5.116923244738179832e+00 7.246358582783618552e+00 3.297223955862986777e+00 2.573111300370385379e+00 7.176249409491703979e+00 6.511781871575805347e+00 4.210736019800906504e+00 3.750317568331622553e+00 7.121836319772607560e+00 5.350271687187385439e+00
6.210151177373727016e+00 6.245695042345487558e+00 3.887951999218714594e+00 5.409047143779435629e+00 5.176647866153000876e+00 6.464426519094781831e+00 3.767649687006602299e+00 6.227467419283046368e+00 5.101911695177300032e+00 3.843294322715733458e+00 2.675815065566372830e+00 2.713181692844377046e+00 4.041975414096342867e+00 4.626170733247584543e+00 3.650081518253856405e+00 6.346858350342036381e+00
3.147336910733059767e+00 5.421518326516292063e+00 3.876820547798300876e+00 5.410403123217284893e+00 3.641861726719616055e+00 4.199092098866115563e+00 3.412459364247521609e+00 5.240534245815803516e+00 3.007631665767354967e+00 2.913174409550679300e+00 3.096535003472803638e+00 3.287042155698764567e+00 4.466598939897838072e+00 5.175444302138600072e+00 5.405642984506999760e+00 5.409609343416343030e+00
6.311314485370275840e+00 6.283061669623491774e+00 5.155683183211502651e+00 5.412692668391922979e+00 3.938989343793549924e+00 4.108506238274253874e+00 2.611107003694706385e+00 3.537981636419842868e+00 4.889559886499860397e+00 4.370984010373407003e+00 3.635499419803903454e+00 4.230631312792609400e+00 6.297643476431476373e+00 4.953356567218404116e+00 6.249340566957976684e+00 4.381920584210871716e+00
4.930002215645207464e+00 4.379808935994629060e+00 4.327688107907112780e+00 1.853274908273941923e+00 4.101820143760740223e+00 4.727298111604434361e+00 1.614378879955606028e+00 1.208972293490212291e+00 5.033525495864529020e+00 4.915526279908204010e+00 4.676624923422507685e+00 2.713311312886560689e+00 4.935070229441751444e+00 3.828896353750538495e+00 4.958961963540527762e+00 2.421565192530828359e+00
1.923093025429569281e+00 3.720075656242409323e+00 3.228271145173277290e+00 4.331681914809762723e+00 2.957146205414525220e+00 4.363209816114364870e+00 3.858792046147147214e+00 4.344293963106168555e+00 1.921199644402924900e+00 2.761687098891917547e+00 2.244026758920252718e+00 3.215658289809085524e+00 2.074413796486741735e+00 4.111003352334114069e+00 2.963455256066926946e+00 4.451480232269890536e+00
5.988962602830373072e+00 5.291799381494013410e+00 1.752909559962268826e+00 2.880895407830853738e+00 5.787908924403717847e+00 4.930602113796550334e+00 4.351813727999441994e+00 5.039396280266783101e+00 4.438844382108202424e+00 3.157674222216043436e+00 5.211729118696159624e+00 4.708659462991467315e+00 4.552864899782834485e+00 4.334403697954836154e+00 4.926250024059275923e+00 4.586809027309412201e+00
5.167652923884562099e+00 4.005556410416022395e+00 4.552113218120403815e+00 5.129750232642926733e+00 5.195700915403372200e+00 3.772075832367549175e+00 4.027539971336170588e+00 3.894880551990446804e+00 3.434741880316994678e+00 2.945039109475065864e+00 2.813137743954174930e+00 2.553125282036556420e+00 4.336067878043082580e+00 4.467969243563973514e+00 4.557419594894233761e+00 3.094375712967108782e+00
4.179097880900093820e+00 4.308985352756675269e+00 0.000000000000000000e+00 4.303941179092341862e+00 4.227017530711259852e+00 2.435074836456874170e+00 2.677825694052911931e+00 3.776194509461475945e+00 3.731427468190518404e+00 1.064320643174314851e+00 4.076953364197345664e+00 2.079460593121380541e+00 4.280611875894800633e+00 3.186656712442527795e+00 4.311507439588841528e+00 4.297005440303883539e+00
3.037795298203131988e+00 3.758547357458017046e+00 3.457704812901187363e+00 5.520738515548154091e+00 3.362451236788207343e+00 5.442948095055887059e+00 2.705201561608642447e+00 5.481049525501078712e+00 3.026682380989951238e+00 4.649962073915324900e+00 2.454367144511127474e+00 3.279104357689349492e+00 4.493587453129848974e+00 5.300067730886416584e+00 4.003825315948941643e+00 5.385795949388098691e+00
3.346049582811567280e+00 4.298165186801447213e+00 3.844090945726656106e+00 2.889701180262278069e+00 3.623494371773650968e+00 3.108020681814097852e+00 3.264179769729635527e+00 4.798480711191033699e+00 5.188120377155044594e+00 2.461400769231798957e+00 4.000250033642194225e+00 3.455209333587477616e+00 5.201765346002034107e+00 4.299681294451112912e+00 5.175233462132889706e+00 3.424129126769336562e+00
4.545290733696909946e+00 4.428550444672673336e+00 4.533919926324418981e+00 4.119264484140928495e+00 4.192037651324868719e+00 4.489194750659289745e+00 5.094121702875789026e+00 3.585594591458702851e+00 4.267842548653691281e+00 3.077695132739654227e+00 4.646869946224492232e+00 2.516737970712914496e+00 5.200246327425680271e+00 3.570430846612585807e+00 4.350470900714904054e+00 2.062664457369795201e+00
3.100115628824428704e+00 2.967651575139577336e+00 3.041648736163528266e+00 3.091893722043989268e+00 1.931234548205345902e+00 2.684909336412256931e+00 2.433227634411040174e+00 3.041191963564615186e+00 2.017564569399955765e+00 2.525952471990435821e+00 1.766796412596565391e+00 1.914790734644467918e+00 1.883730197918364713e+00 2.104808135792392232e+00 1.400008015669201855e+00 1.918901688034687414e+00
