1.202148437499999944e-01
1.202148437499999944e-01
1.202148437499999944e-01
1.202148437499999944e-01
1.202148437499999944e-01
1.202148437499999944e-01
1.202148437499999944e-01
1.202148437499999944e-01
1.202148437499999944e-01
1.202148437499999944e-01
1.202148437499999944e-01
1.202148437499999944e-01
1.202148437499999944e-01
1.202148437499999944e-01
1.202148437499999944e-01
1.202148437499999944e-01
1.202148437499999944e-01
1.202148437499999944e-01
1.202148437499999944e-01
1.202148437499999944e-01
1.202148437499999944e-01
1.202148437499999944e-01
1.202148437499999944e-01
1.202148437499999944e-01
1.202148437499999944e-01
1.202148437499999944e-01
1.202148437499999944e-01
1.202148437499999944e-01
1.202148437499999944e-01
1.202148437499999944e-01
1.202148437499999944e-01
1.202148437499999944e-01
1.202148437499999944e-01
5.127390648951218877e-01
7.039237392783120884e-01
1.202148437499999944e-01
1.202148437499999944e-01
1.202148437499999944e-01
1.202148437499999944e-01
1.202148437499999944e-01
1.202148437499999944e-01
1.202148437499999944e-01
1.202148437499999944e-01
1.202148437499999944e-01
1.202148437499999944e-01
1.202148437499999944e-01
1.202148437499999944e-01
1.202148437499999944e-01
1.202148437499999944e-01
1.202148437499999944e-01
1.202148437499999944e-01
1.202148437499999944e-01
1.202148437499999944e-01
1.202148437499999944e-01
1.202148437499999944e-01
1.202148437499999944e-01
1.202148437499999944e-01
1.202148437499999944e-01
1.202148437499999944e-01
1.202148437499999944e-01
1.202148437499999944e-01
1.202148437499999944e-01
1.202148437499999944e-01
1.202148437499999944e-01
1.202148437499999944e-01
1.202148437499999944e-01
1.202148437499999944e-01
1.202148437499999944e-01
1.202148437499999944e-01
1.202148437499999944e-01
1.202148437499999944e-01
1.202148437499999944e-01
1.202148437499999944e-01
1.202148437499999944e-01
1.202148437499999944e-01
1.202148437499999944e-01
1.202148437499999944e-01
1.202148437499999944e-01
1.202148437499999944e-01
1.202148437499999944e-01
5.743688632839145658e-01
1.202148437499999944e-01
1.202148437499999944e-01
1.202148437499999944e-01
1.202148437499999944e-01
1.202148437499999944e-01
1.202148437499999944e-01
1.202148437499999944e-01
1.202148437499999944e-01
1.202148437499999944e-01
1.202148437499999944e-01
1.202148437499999944e-01
1.202148437499999944e-01
1.202148437499999944e-01
1.202148437499999944e-01
1.202148437499999944e-01
1.202148437499999944e-01
1.202148437499999944e-01
1.202148437499999944e-01
1.202148437499999944e-01
1.202148437499999944e-01
1.202148437499999944e-01
1.202148437499999944e-01
1.202148437499999944e-01
1.202148437499999944e-01
1.202148437499999944e-01
1.202148437499999944e-01
1.202148437499999944e-01
1.202148437499999944e-01
1.202148437499999944e-01
1.202148437499999944e-01
5.962718661661963182e-01
9.705427661100347603e-01
6.853014181333831889e-01
5.489559088425661759e-01
1.202148437499999944e-01
1.202148437499999944e-01
1.202148437499999944e-01
1.202148437499999944e-01
1.202148437499999944e-01
1.202148437499999944e-01
1.202148437499999944e-01
1.202148437499999944e-01
1.202148437499999944e-01
1.202148437499999944e-01
1.202148437499999944e-01
1.202148437499999944e-01
1.202148437499999944e-01
1.202148437499999944e-01
1.202148437499999944e-01
1.202148437499999944e-01
1.202148437499999944e-01
1.202148437499999944e-01
1.202148437499999944e-01
1.202148437499999944e-01
1.202148437499999944e-01
1.202148437499999944e-01
1.202148437499999944e-01
5.053092504875391633e-01
5.149361817455333501e-01
1.202148437499999944e-01
1.202148437499999944e-01
4.719289127560161168e-01
6.811631245456212236e-01
1.202148437499999944e-01
1.202148437499999944e-01
1.202148437499999944e-01
1.202148437499999944e-01
1.202148437499999944e-01
1.202148437499999944e-01
1.202148437499999944e-01
1.202148437499999944e-01
1.202148437499999944e-01
1.202148437499999944e-01
1.202148437499999944e-01
1.202148437499999944e-01
1.202148437499999944e-01
1.202148437499999944e-01
1.202148437499999944e-01
1.202148437499999944e-01
1.202148437499999944e-01
1.202148437499999944e-01
1.202148437499999944e-01
1.202148437499999944e-01
1.202148437499999944e-01
1.202148437499999944e-01
1.202148437499999944e-01
1.202148437499999944e-01
6.800590498873054779e-01
5.273884080466344493e-01
1.202148437499999944e-01
6.121307995399496438e-01
1.202148437499999944e-01
1.202148437499999944e-01
1.202148437499999944e-01
5.942294277771523747e-01
1.202148437499999944e-01
1.202148437499999944e-01
1.202148437499999944e-01
1.202148437499999944e-01
1.202148437499999944e-01
1.202148437499999944e-01
1.202148437499999944e-01
1.202148437499999944e-01
1.202148437499999944e-01
1.202148437499999944e-01
1.202148437499999944e-01
1.202148437499999944e-01
1.202148437499999944e-01
1.202148437499999944e-01
1.202148437499999944e-01
1.202148437499999944e-01
1.202148437499999944e-01
1.202148437499999944e-01
1.202148437499999944e-01
1.202148437499999944e-01
1.202148437499999944e-01
1.202148437499999944e-01
1.202148437499999944e-01
1.202148437499999944e-01
4.729749165077977713e-01
5.478601175696334868e-01
1.202148437499999944e-01
5.566259568700210325e-01
1.202148437499999944e-01
1.202148437499999944e-01
5.022749422099543892e-01
9.692090114711565674e-01
1.202148437499999944e-01
1.202148437499999944e-01
1.202148437499999944e-01
1.202148437499999944e-01
1.202148437499999944e-01
1.202148437499999944e-01
1.202148437499999944e-01
1.202148437499999944e-01
1.202148437499999944e-01
1.202148437499999944e-01
1.202148437499999944e-01
1.202148437499999944e-01
1.202148437499999944e-01
1.202148437499999944e-01
1.202148437499999944e-01
1.202148437499999944e-01
1.202148437499999944e-01
1.202148437499999944e-01
1.202148437499999944e-01
1.202148437499999944e-01
1.202148437499999944e-01
1.202148437499999944e-01
1.202148437499999944e-01
1.202148437499999944e-01
1.202148437499999944e-01
1.202148437499999944e-01
1.202148437499999944e-01
1.202148437499999944e-01
5.003911443013899785e-01
5.734509745691180882e-01
1.202148437499999944e-01
5.142036978454684881e-01
1.202148437499999944e-01
1.202148437499999944e-01
1.202148437499999944e-01
1.202148437499999944e-01
1.202148437499999944e-01
1.202148437499999944e-01
1.202148437499999944e-01
1.202148437499999944e-01
1.202148437499999944e-01
1.202148437499999944e-01
1.202148437499999944e-01
1.202148437499999944e-01
1.202148437499999944e-01
1.202148437499999944e-01
1.202148437499999944e-01
1.202148437499999944e-01
1.202148437499999944e-01
1.202148437499999944e-01
1.202148437499999944e-01
1.202148437499999944e-01
1.202148437499999944e-01
1.202148437499999944e-01
1.202148437499999944e-01
1.202148437499999944e-01
1.202148437499999944e-01
1.202148437499999944e-01
1.202148437499999944e-01
1.202148437499999944e-01
1.202148437499999944e-01
1.202148437499999944e-01
1.202148437499999944e-01
1.202148437499999944e-01
1.202148437499999944e-01
1.202148437499999944e-01
1.202148437499999944e-01
1.202148437499999944e-01
1.202148437499999944e-01
1.202148437499999944e-01
1.202148437499999944e-01
1.202148437499999944e-01
1.202148437499999944e-01
1.202148437499999944e-01
1.202148437499999944e-01
1.202148437499999944e-01
1.202148437499999944e-01
1.202148437499999944e-01
1.202148437499999944e-01
1.202148437499999944e-01
6.665768981996504916e-01
6.665776569912719163e-01
1.202148437499999944e-01
1.202148437499999944e-01
1.202148437499999944e-01
1.202148437499999944e-01
1.202148437499999944e-01
1.202148437499999944e-01
1.202148437499999944e-01
1.202148437499999944e-01
1.202148437499999944e-01
1.202148437499999944e-01
1.202148437499999944e-01
1.202148437499999944e-01
1.202148437499999944e-01
1.202148437499999944e-01
1.202148437499999944e-01
1.202148437499999944e-01
1.202148437499999944e-01
1.202148437499999944e-01
1.202148437499999944e-01
1.202148437499999944e-01
1.202148437499999944e-01
1.202148437499999944e-01
1.202148437499999944e-01
1.202148437499999944e-01
1.202148437499999944e-01
1.202148437499999944e-01
1.202148437499999944e-01
1.202148437499999944e-01
1.202148437499999944e-01
1.202148437499999944e-01
9.406481752350507319e-01
7.007514448038789645e-01
1.202148437499999944e-01
1.202148437499999944e-01
1.202148437499999944e-01
1.202148437499999944e-01
1.202148437499999944e-01
1.202148437499999944e-01
1.202148437499999944e-01
1.202148437499999944e-01
1.202148437499999944e-01
1.202148437499999944e-01
1.202148437499999944e-01
1.202148437499999944e-01
1.202148437499999944e-01
1.202148437499999944e-01
1.202148437499999944e-01
1.202148437499999944e-01
1.202148437499999944e-01
1.202148437499999944e-01
1.202148437499999944e-01
1.202148437499999944e-01
1.202148437499999944e-01
1.202148437499999944e-01
1.202148437499999944e-01
1.202148437499999944e-01
1.202148437499999944e-01
1.202148437499999944e-01
1.202148437499999944e-01
1.202148437499999944e-01
1.202148437499999944e-01
1.202148437499999944e-01
7.713837126021013679e-01
1.202148437499999944e-01
1.202148437499999944e-01
1.202148437499999944e-01
1.202148437499999944e-01
1.202148437499999944e-01
1.202148437499999944e-01
1.202148437499999944e-01
1.202148437499999944e-01
1.202148437499999944e-01
1.202148437499999944e-01
1.202148437499999944e-01
1.202148437499999944e-01
1.202148437499999944e-01
1.202148437499999944e-01
1.202148437499999944e-01
1.202148437499999944e-01
1.202148437499999944e-01
1.202148437499999944e-01
1.202148437499999944e-01
1.202148437499999944e-01
1.202148437499999944e-01
1.202148437499999944e-01
1.202148437499999944e-01
1.202148437499999944e-01
1.202148437499999944e-01
1.202148437499999944e-01
1.202148437499999944e-01
1.202148437499999944e-01
1.202148437499999944e-01
1.202148437499999944e-01
1.202148437499999944e-01
1.202148437499999944e-01
1.202148437499999944e-01
6.103291862627922004e-01
6.043220529762088900e-01
1.202148437499999944e-01
1.202148437499999944e-01
1.202148437499999944e-01
1.202148437499999944e-01
1.202148437499999944e-01
1.202148437499999944e-01
1.202148437499999944e-01
1.202148437499999944e-01
1.202148437499999944e-01
1.202148437499999944e-01
1.202148437499999944e-01
1.202148437499999944e-01
1.202148437499999944e-01
1.202148437499999944e-01
1.202148437499999944e-01
1.202148437499999944e-01
1.202148437499999944e-01
1.202148437499999944e-01
1.202148437499999944e-01
1.202148437499999944e-01
1.202148437499999944e-01
1.202148437499999944e-01
1.202148437499999944e-01
1.202148437499999944e-01
1.202148437499999944e-01
1.202148437499999944e-01
1.202148437499999944e-01
1.202148437499999944e-01
4.625107938226301618e-01
7.982344545675861269e-01
9.558810924400854558e-01
6.031200803871251681e-01
1.202148437499999944e-01
1.202148437499999944e-01
1.202148437499999944e-01
1.202148437499999944e-01
1.202148437499999944e-01
1.202148437499999944e-01
1.202148437499999944e-01
1.202148437499999944e-01
1.202148437499999944e-01
1.202148437499999944e-01
1.202148437499999944e-01
1.202148437499999944e-01
1.202148437499999944e-01
1.202148437499999944e-01
1.202148437499999944e-01
1.202148437499999944e-01
1.202148437499999944e-01
1.202148437499999944e-01
1.202148437499999944e-01
1.202148437499999944e-01
1.202148437499999944e-01
1.202148437499999944e-01
1.202148437499999944e-01
1.202148437499999944e-01
1.202148437499999944e-01
1.202148437499999944e-01
1.202148437499999944e-01
1.202148437499999944e-01
7.623082280215062179e-01
7.048900032424305628e-01
1.158378398916593888e+00
6.979926265538358710e-01
6.665770668200107218e-01
1.202148437499999944e-01
1.202148437499999944e-01
1.202148437499999944e-01
1.202148437499999944e-01
1.202148437499999944e-01
1.202148437499999944e-01
1.202148437499999944e-01
1.202148437499999944e-01
1.202148437499999944e-01
1.202148437499999944e-01
1.202148437499999944e-01
1.202148437499999944e-01
1.202148437499999944e-01
1.202148437499999944e-01
1.202148437499999944e-01
1.202148437499999944e-01
1.202148437499999944e-01
1.202148437499999944e-01
1.202148437499999944e-01
1.202148437499999944e-01
1.202148437499999944e-01
1.202148437499999944e-01
1.202148437499999944e-01
1.202148437499999944e-01
1.202148437499999944e-01
1.202148437499999944e-01
1.202148437499999944e-01
1.234993884853808899e+00
8.735111297106396000e-01
1.527041095887304634e+00
7.808133252727154083e-01
1.133197132525330053e+00
1.202148437499999944e-01
1.202148437499999944e-01
1.202148437499999944e-01
1.202148437499999944e-01
1.202148437499999944e-01
1.202148437499999944e-01
1.202148437499999944e-01
1.202148437499999944e-01
1.202148437499999944e-01
1.202148437499999944e-01
1.202148437499999944e-01
1.202148437499999944e-01
1.202148437499999944e-01
1.202148437499999944e-01
1.202148437499999944e-01
1.202148437499999944e-01
1.202148437499999944e-01
1.202148437499999944e-01
1.202148437499999944e-01
1.202148437499999944e-01
1.202148437499999944e-01
1.202148437499999944e-01
1.202148437499999944e-01
1.202148437499999944e-01
1.202148437499999944e-01
1.202148437499999944e-01
1.202148437499999944e-01
4.666972197481935036e-01
1.202148437499999944e-01
7.562585987085534978e-01
7.476367721957417611e-01
7.007510475276945705e-01
6.148940985368914758e-01
1.202148437499999944e-01
1.202148437499999944e-01
1.202148437499999944e-01
1.202148437499999944e-01
1.202148437499999944e-01
1.202148437499999944e-01
1.202148437499999944e-01
1.202148437499999944e-01
1.202148437499999944e-01
1.202148437499999944e-01
1.202148437499999944e-01
1.202148437499999944e-01
1.202148437499999944e-01
1.202148437499999944e-01
1.202148437499999944e-01
1.202148437499999944e-01
1.202148437499999944e-01
1.202148437499999944e-01
1.202148437499999944e-01
1.202148437499999944e-01
1.202148437499999944e-01
1.202148437499999944e-01
1.202148437499999944e-01
1.202148437499999944e-01
1.202148437499999944e-01
1.202148437499999944e-01
1.202148437499999944e-01
1.202148437499999944e-01
8.371810505495005383e-01
7.125431326986101377e-01
9.929545863724859034e-01
1.202148437499999944e-01
1.202148437499999944e-01
1.202148437499999944e-01
1.202148437499999944e-01
1.202148437499999944e-01
1.202148437499999944e-01
1.202148437499999944e-01
1.202148437499999944e-01
1.202148437499999944e-01
1.202148437499999944e-01
1.202148437499999944e-01
1.202148437499999944e-01
1.202148437499999944e-01
1.202148437499999944e-01
1.202148437499999944e-01
1.202148437499999944e-01
1.202148437499999944e-01
1.202148437499999944e-01
1.202148437499999944e-01
1.202148437499999944e-01
1.202148437499999944e-01
1.202148437499999944e-01
1.202148437499999944e-01
1.202148437499999944e-01
1.202148437499999944e-01
1.202148437499999944e-01
1.202148437499999944e-01
1.202148437499999944e-01
1.202148437499999944e-01
6.840599300570545660e-01
1.202148437499999944e-01
5.767783211602554028e-01
1.202148437499999944e-01
1.202148437499999944e-01
1.202148437499999944e-01
5.959118203212382392e-01
1.202148437499999944e-01
1.202148437499999944e-01
1.202148437499999944e-01
1.202148437499999944e-01
1.202148437499999944e-01
1.202148437499999944e-01
1.202148437499999944e-01
1.202148437499999944e-01
1.202148437499999944e-01
1.202148437499999944e-01
1.202148437499999944e-01
1.202148437499999944e-01
1.202148437499999944e-01
1.202148437499999944e-01
1.202148437499999944e-01
1.202148437499999944e-01
1.202148437499999944e-01
1.202148437499999944e-01
1.202148437499999944e-01
1.202148437499999944e-01
1.202148437499999944e-01
1.202148437499999944e-01
1.202148437499999944e-01
1.202148437499999944e-01
1.202148437499999944e-01
6.598588944239835996e-01
1.202148437499999944e-01
5.555305162278552089e-01
1.202148437499999944e-01
6.534038962553321284e-01
1.402861113345207134e+00
1.530360169753556709e+00
9.909598722048544861e-01
7.744776227642516941e-01
1.378915779663318020e+00
1.202148437499999944e-01
1.202148437499999944e-01
1.202148437499999944e-01
1.202148437499999944e-01
1.202148437499999944e-01
1.202148437499999944e-01
1.202148437499999944e-01
1.202148437499999944e-01
1.202148437499999944e-01
1.202148437499999944e-01
1.202148437499999944e-01
1.202148437499999944e-01
1.202148437499999944e-01
1.202148437499999944e-01
1.202148437499999944e-01
1.202148437499999944e-01
1.202148437499999944e-01
1.202148437499999944e-01
1.202148437499999944e-01
1.202148437499999944e-01
1.202148437499999944e-01
6.424699197655755478e-01
5.754014880880605753e-01
6.953712658636039823e-01
4.849043418428777286e-01
1.202148437499999944e-01
7.615519215062835912e-01
1.729023164646307009e+00
1.267124796036838141e+00
1.705460450984041643e+00
1.451683679171736907e+00
1.404787742302125997e+00
1.202148437499999944e-01
1.202148437499999944e-01
1.202148437499999944e-01
1.202148437499999944e-01
1.202148437499999944e-01
1.202148437499999944e-01
1.202148437499999944e-01
1.202148437499999944e-01
1.202148437499999944e-01
1.202148437499999944e-01
1.202148437499999944e-01
1.202148437499999944e-01
1.202148437499999944e-01
1.202148437499999944e-01
1.202148437499999944e-01
1.202148437499999944e-01
1.202148437499999944e-01
1.202148437499999944e-01
1.202148437499999944e-01
1.202148437499999944e-01
1.202148437499999944e-01
8.029860540634545796e-01
8.854928429480924956e-01
1.183965560016442042e+00
7.614006698833428732e-01
1.202148437499999944e-01
1.016785372788530761e+00
1.880636814729276463e+00
1.415081767864448725e+00
1.843525877971420091e+00
1.221121798486283661e+00
7.568631211951227789e-01
1.202148437499999944e-01
1.202148437499999944e-01
1.202148437499999944e-01
1.202148437499999944e-01
1.202148437499999944e-01
1.202148437499999944e-01
1.202148437499999944e-01
1.202148437499999944e-01
1.202148437499999944e-01
1.202148437499999944e-01
1.202148437499999944e-01
1.202148437499999944e-01
1.202148437499999944e-01
1.202148437499999944e-01
1.202148437499999944e-01
1.202148437499999944e-01
1.202148437499999944e-01
1.202148437499999944e-01
1.202148437499999944e-01
1.202148437499999944e-01
7.600394052768768560e-01
4.949497013895671205e-01
7.683576153318624202e-01
4.852182635143340583e-01
7.212097834105332117e-01
7.917410817087198183e-01
9.969417815568716312e-01
1.295301124389828251e+00
5.975934439473423732e-01
6.039610459837736478e-01
1.157462977564211570e+00
5.457787032107499492e-01
1.202148437499999944e-01
1.202148437499999944e-01
1.202148437499999944e-01
1.202148437499999944e-01
1.202148437499999944e-01
1.202148437499999944e-01
1.202148437499999944e-01
1.202148437499999944e-01
1.202148437499999944e-01
1.202148437499999944e-01
1.202148437499999944e-01
1.202148437499999944e-01
1.202148437499999944e-01
1.202148437499999944e-01
1.202148437499999944e-01
1.202148437499999944e-01
1.202148437499999944e-01
1.202148437499999944e-01
1.202148437499999944e-01
1.202148437499999944e-01
1.060628828603214169e+00
1.068980844317169998e+00
1.202148437499999944e-01
4.666965165636494661e-01
1.106242223092443799e+00
1.623738548999088760e+00
1.873040343543439512e+00
2.348450562677912412e+00
6.888879392427769144e-01
6.811631245456212236e-01
1.038707167507187723e+00
4.976704898154352130e-01
1.202148437499999944e-01
1.202148437499999944e-01
1.202148437499999944e-01
1.202148437499999944e-01
1.202148437499999944e-01
1.202148437499999944e-01
1.202148437499999944e-01
1.202148437499999944e-01
1.202148437499999944e-01
1.202148437499999944e-01
1.202148437499999944e-01
1.202148437499999944e-01
1.202148437499999944e-01
1.202148437499999944e-01
1.202148437499999944e-01
1.202148437499999944e-01
1.202148437499999944e-01
1.202148437499999944e-01
1.202148437499999944e-01
1.202148437499999944e-01
5.980740176859410395e-01
1.229750790711799047e+00
5.178661173457923539e-01
1.202148437499999944e-01
6.072637291037848994e-01
8.189381988140717050e-01
1.481470730293868776e+00
1.161812620873887036e+00
1.202148437499999944e-01
1.202148437499999944e-01
1.202148437499999944e-01
1.202148437499999944e-01
1.202148437499999944e-01
1.202148437499999944e-01
1.202148437499999944e-01
4.892992452432664008e-01
1.202148437499999944e-01
1.202148437499999944e-01
1.202148437499999944e-01
1.202148437499999944e-01
1.202148437499999944e-01
1.202148437499999944e-01
1.202148437499999944e-01
1.202148437499999944e-01
1.202148437499999944e-01
1.202148437499999944e-01
1.202148437499999944e-01
1.202148437499999944e-01
1.202148437499999944e-01
1.202148437499999944e-01
1.202148437499999944e-01
1.202148437499999944e-01
7.456699686918003556e-01
1.958926257722120035e+00
1.199307490739473403e+00
4.980890520440435787e-01
9.634980385037527073e-01
1.202148437499999944e-01
1.308180538978931606e+00
1.202148437499999944e-01
1.202148437499999944e-01
1.202148437499999944e-01
1.202148437499999944e-01
1.202148437499999944e-01
1.202148437499999944e-01
1.202148437499999944e-01
1.202148437499999944e-01
1.202148437499999944e-01
1.202148437499999944e-01
1.202148437499999944e-01
1.202148437499999944e-01
1.202148437499999944e-01
1.202148437499999944e-01
1.202148437499999944e-01
1.202148437499999944e-01
1.202148437499999944e-01
1.202148437499999944e-01
1.202148437499999944e-01
1.202148437499999944e-01
1.202148437499999944e-01
1.202148437499999944e-01
1.202148437499999944e-01
1.202148437499999944e-01
1.202148437499999944e-01
8.468000087372721252e-01
7.757447125843788260e-01
1.015086706671149752e+00
8.669112123939748393e-01
1.478452863660554728e+00
1.202148437499999944e-01
4.959962409010014173e-01
1.202148437499999944e-01
1.202148437499999944e-01
1.202148437499999944e-01
4.949501366942848923e-01
1.202148437499999944e-01
1.202148437499999944e-01
1.202148437499999944e-01
1.202148437499999944e-01
1.202148437499999944e-01
1.202148437499999944e-01
1.202148437499999944e-01
1.202148437499999944e-01
1.202148437499999944e-01
1.202148437499999944e-01
1.202148437499999944e-01
1.202148437499999944e-01
1.202148437499999944e-01
1.202148437499999944e-01
1.202148437499999944e-01
1.202148437499999944e-01
1.202148437499999944e-01
1.202148437499999944e-01
1.202148437499999944e-01
1.202148437499999944e-01
1.202148437499999944e-01
1.184924430686631558e+00
9.135865014252193550e-01
1.497163636787102181e+00
2.002289978699316020e+00
2.891889397249274296e+00
1.376438773364602852e+00
1.322899869937906869e+00
5.323065142327835231e-01
1.202148437499999944e-01
1.351117364216523731e+00
1.071700295045117102e+00
9.809908952770732826e-01
1.202148437499999944e-01
1.202148437499999944e-01
1.202148437499999944e-01
1.202148437499999944e-01
1.202148437499999944e-01
1.202148437499999944e-01
1.202148437499999944e-01
1.202148437499999944e-01
1.202148437499999944e-01
1.202148437499999944e-01
1.202148437499999944e-01
1.202148437499999944e-01
1.202148437499999944e-01
1.202148437499999944e-01
1.202148437499999944e-01
1.202148437499999944e-01
1.202148437499999944e-01
1.202148437499999944e-01
1.202148437499999944e-01
1.202148437499999944e-01
1.345888735432228644e+00
1.583206033806440427e+00
1.542129849623481430e+00
3.505158823103923904e+00
3.017341361648327780e+00
2.049579815374931613e+00
1.202148437499999944e-01
6.560380413692229462e-01
1.114195473062701280e+00
1.682308290831743935e+00
7.615519215062835912e-01
6.701341976312247262e-01
1.202148437499999944e-01
1.202148437499999944e-01
1.202148437499999944e-01
1.202148437499999944e-01
1.202148437499999944e-01
1.202148437499999944e-01
1.202148437499999944e-01
1.202148437499999944e-01
1.202148437499999944e-01
1.202148437499999944e-01
1.202148437499999944e-01
1.202148437499999944e-01
1.202148437499999944e-01
1.202148437499999944e-01
1.202148437499999944e-01
1.202148437499999944e-01
1.202148437499999944e-01
1.202148437499999944e-01
1.202148437499999944e-01
1.202148437499999944e-01
2.424978656260112775e+00
2.377148846487044498e+00
3.670353490740763558e+00
3.429111729411494558e+00
3.301186403281161752e+00
1.072356170378682139e+00
9.909612758996915183e-01
1.282687417953348730e+00
1.166162264183562725e+00
8.385078034029863625e-01
1.202148437499999944e-01
1.202148437499999944e-01
4.765330972707089163e-01
1.202148437499999944e-01
1.202148437499999944e-01
1.202148437499999944e-01
1.202148437499999944e-01
1.202148437499999944e-01
1.202148437499999944e-01
1.202148437499999944e-01
1.202148437499999944e-01
1.202148437499999944e-01
1.202148437499999944e-01
1.202148437499999944e-01
1.202148437499999944e-01
1.202148437499999944e-01
1.202148437499999944e-01
1.202148437499999944e-01
1.202148437499999944e-01
1.202148437499999944e-01
1.202148437499999944e-01
1.202148437499999944e-01
2.399629235128412752e+00
3.034805451646363395e+00
3.912540638840668272e+00
4.189191840009679701e+00
2.773263391376756370e+00
1.992344171135738806e+00
2.448111762646280720e+00
1.617968183525123393e+00
8.754205572271689384e-01
8.200991075608716763e-01
1.202148437499999944e-01
1.202148437499999944e-01
1.202148437499999944e-01
1.202148437499999944e-01
7.450654946057504446e-01
1.202148437499999944e-01
1.202148437499999944e-01
1.202148437499999944e-01
1.202148437499999944e-01
1.202148437499999944e-01
1.202148437499999944e-01
1.202148437499999944e-01
1.202148437499999944e-01
1.202148437499999944e-01
1.202148437499999944e-01
1.202148437499999944e-01
1.202148437499999944e-01
1.202148437499999944e-01
1.202148437499999944e-01
1.202148437499999944e-01
1.202148437499999944e-01
1.202148437499999944e-01
3.401455384878413035e+00
4.897181088366794555e+00
5.284353493778081834e+00
4.648039506292978906e+00
2.363278463378410965e+00
2.664181009483113982e+00
2.377148999542925356e+00
1.880638152071962166e+00
7.106653583776934013e-01
7.614006698833428732e-01
1.202148437499999944e-01
5.119016055881221439e-01
1.202148437499999944e-01
1.202148437499999944e-01
8.943109900496076792e-01
1.202148437499999944e-01
1.202148437499999944e-01
1.202148437499999944e-01
1.202148437499999944e-01
1.202148437499999944e-01
1.202148437499999944e-01
1.202148437499999944e-01
1.202148437499999944e-01
1.202148437499999944e-01
1.202148437499999944e-01
1.202148437499999944e-01
1.202148437499999944e-01
1.202148437499999944e-01
1.202148437499999944e-01
1.202148437499999944e-01
1.202148437499999944e-01
1.202148437499999944e-01
