2.501316257716612146e+00 2.293910266197821901e+00 3.082053033969225364e+00 4.808362236710624238e+00 3.391087961332222900e+00 4.514539294389581237e+00 4.509697608923564971e+00 4.825646069337190092e+00 0.000000000000000000e+00 2.618846319577260218e+00 4.419130325960360928e+00 4.210341627831445166e+00 3.645505977595272284e+00 2.979729868790205849e+00 4.797991937134684193e+00 4.273254778592145087e+00
5.554008175066680764e+00 2.900851321607709643e+00 1.662325784736628717e-02 4.013814049296168918e+00 5.735207483980858001e+00 2.147793643276309616e+00 5.765961495126842529e+00 4.313873189361486560e+00 5.760145562519550566e+00 2.468632520602428215e+00 5.685337710438759018e+00 4.122696680775118416e+00 5.647932587485497535e+00 4.411122625722669000e+00 5.685337976419396533e+00 5.020381330441686885e+00
4.396613161077557841e+00 6.644067902631205058e+00 3.569209310091639331e+00 5.809980665213842599e+00 6.212705620929099837e+00 5.588575357341042604e+00 3.940441880201701164e+00 5.000705786223180738e+00 1.240633190666556342e-02 5.248831813583229255e+00 3.371659278942265026e+00 3.340169031043489944e+00 6.531456582247624709e+00 6.200302953662014005e+00 6.642159236184025595e+00 6.670789232891715770e+00
9.347025783558381207e+00 6.018458307801831886e+00 8.182785854201345188e+00 8.577303176234652327e+00 6.618510878027318078e+00 4.535569772187124649e+00 4.994920360428703354e+00 6.436425960165792048e+00 5.585316912282745072e+00 4.130017000586450493e+00 4.776970231473239181e+00 7.047513979958642594e+00 9.559462601909990198e+00 9.661536096228289239e+00 9.584287949256733441e+00 9.646362353073161700e+00
6.578507373345618525e+00 7.389612916546966837e+00 5.706706857523762721e+00 6.694379593802954886e+00 8.094502257662421485e+00 7.581353852779938229e+00 5.680497664801270830e+00 6.828184419807258543e+00 6.174334032940866912e+00 6.566092492582333406e+00 4.193475249778627401e+00 7.850342935984466308e+00 9.486348334346367039e+00 9.653259509052766418e+00 9.628424891928384355e+00 8.817324204324847869e+00
6.978437757072082803e+00 4.404454766091466134e+00 8.767393677489694781e+00 5.846187174529288377e+00 7.008631105939890027e+00 4.667392538261807111e+00 5.439835021016707906e+00 6.021056986722009619e+00 6.412312465800685146e+00 6.783439045634157338e+00 6.036153661155912786e+00 5.936767221132711825e+00 8.362299580179941572e+00 8.749780890650139753e+00 6.408538297192208688e+00 8.752297003055792501e+00
4.636195925931927420e+00 5.413600841483386716e+00 6.315871391135886803e+00 4.785662435043945173e+00 4.976137596342828040e+00 3.932609675721695730e+00 4.899585079184203273e+00 3.353885559908876601e+00 4.325414952717304473e+00 4.383740138455457291e+00 6.106250517856152804e+00 5.453704820282416321e+00 6.168227644330111836e+00 1.421757223648137058e+00 6.324073821513985116e+00 3.923495864190475135e+00
5.999892976708185444e+00 3.899405551587346253e+00 6.069562050509913931e+00 4.905271853090951595e+00 5.654424349768728320e+00 3.826879280460847355e+00 4.915770434710332815e+00 4.590342805466258724e+00 4.828925805977042351e+00 2.920259358797724580e+00 6.489464393476522375e+00 4.223878847607830167e+00 6.575358659012432661e+00 3.806835228899148937e+00 6.546721333025586453e+00 3.511949316676259869e+00
2.059937357784427547e+00 4.549036553928878845e+00 2.403264969244264471e+00 4.073661486337795345e+00 2.284418033207546550e+00 4.483009868000237930e+00 2.911643872382827070e+00 2.634343580679419983e+00 2.898442718460509049e+00 4.634866766586400288e+00 4.284938683803368953e+00 3.717133143507500570e+00 2.654153445686194601e+00 4.555636180148353809e+00 4.034048517153999924e+00 3.142726286784718770e+00
0.000000000000000000e+00 3.516519911478769966e+00 2.958331293110803006e+00 4.122274787835651821e+00 2.492872204386845869e+00 2.068363116595890006e+00 3.215446591738588822e+00 2.848136902725004305e+00 3.472561890366375081e+00 2.769861901412132177e+00 3.450282386089738473e+00 3.136565785836387565e+00 4.154787649597869503e+00 2.912568382816395740e+00 4.106618284622761017e+00 4.166831291471728704e+00
8.059985162088473487e+00 7.201986741608087605e+00 6.888542874193534615e+00 8.740317242974436240e+00 7.525536154863425864e+00 7.886652147850011119e+00 3.190771903773017115e+00 7.937207610336228569e+00 5.647761833946757015e+00 6.731092710715771865e+00 3.741097752880935268e+00 8.579979120368772527e+00 9.851097598099626040e+00 8.873205887223921451e+00 1.000998157227116714e+01 9.991203829062001773e+00
8.790744325311855789e+00 8.742338481913712656e+00 1.020948454849535914e+01 1.031233565209501535e+01 7.744083094562405734e+00 7.511155595233771187e+00 1.045148569318485343e+01 1.030931061963620365e+01 8.271951258625350079e+00 7.653331152787616887e+00 1.049686650412418132e+01 1.023972809701078646e+01 1.043938701536518110e+01 1.035771113897721740e+01 1.028511520001763024e+01 9.928156529825708176e+00
7.615257411915895780e+00 7.407073900335506167e+00 3.813104331330325003e+00 6.399013250344721904e+00 7.275589817137363191e+00 5.445733398231395128e+00 4.152785600708769564e+00 5.862106382115213066e+00 6.530493125973659829e+00 4.656816977596462515e+00 2.761213432945301971e+00 3.854746994369441460e+00 7.341326774590313242e+00 7.571432072352394904e+00 4.350016459021337489e+00 7.308462152802274403e+00
3.637907416415840256e+00 4.007640293583330404e+00 2.499658344564495760e+00 4.311349231409267624e+00 2.779601064322036130e+00 4.409724797502975413e+00 2.759795002281998144e+00 2.607934723280960210e+00 2.112757607892504996e+00 2.885233747328788123e+00 2.297627215615197116e+00 2.495696075776838718e+00 4.555638292907652875e+00 4.509419781778348124e+00 3.935016094194512704e+00 4.516024267344207921e+00
6.294917988246856666e+00 5.588177848574233053e+00 4.501222470969206135e+00 6.638974428335544076e+00 7.329278750806478726e+00 4.229482224044880390e+00 4.137443050238490905e+00 5.500519806201125128e+00 6.486664981364023141e+00 4.360965605981489190e+00 5.697745405052188516e+00 4.021294504895287503e+00 7.549513792478372842e+00 7.083837213927924203e+00 7.615264775162001065e+00 4.788296853225401328e+00
5.996795863028814288e+00 2.870454681606535718e+00 6.057724005286983626e+00 3.011455593305821132e+00 5.952407388570980729e+00 2.663308467469981178e+00 4.525882834662671605e+00 3.829593039245682284e+00 6.022903666681851398e+00 2.567570570211572534e+00 5.256987119850509593e+00 3.307373186039678004e+00 5.927163541296097016e+00 3.820893037509906609e+00 6.015943832402782299e+00 4.672104527247992856e+00
3.237761704272083207e+00 6.354609509680972046e+00 4.197102082325891104e+00 4.497892342046556635e+00 3.647476386556074424e+00 5.975873423842981147e+00 5.885929807170223071e+00 4.336999984870254288e+00 3.647482462358215827e+00 3.677462069020501101e+00 6.855266798421435048e+00 6.825287511538209451e+00 5.556164047035947462e+00 6.715362500295869452e+00 6.905223962304581242e+00 5.216398475913667454e+00
5.772372655176535083e+00 4.405869502578093844e+00 5.343259681009167039e+00 6.009876360130130379e+00 7.097574487163991641e+00 4.233761696998889157e+00 5.759747646637737972e+00 5.771228965837897462e+00 6.424073642682054164e+00 4.199340870194020248e+00 3.809237799250019041e+00 7.346551801052543240e+00 8.007431675706028429e+00 5.163126590818754025e+00 7.148053960611967739e+00 7.836470496709348588e+00
7.123986885200778829e+00 7.526986143305203214e+00 7.223653368387894957e+00 7.149986837336548717e+00 9.159205360717384892e+00 8.075874021726999530e+00 5.907766901960905592e+00 7.857763312143601020e+00 7.729207993250074793e+00 4.870657700100776033e+00 5.832655929124238803e+00 6.439321478958855316e+00 9.995537154417963421e+00 9.843870766959309293e+00 9.905981763728089362e+00 7.047431470578791490e+00
9.084172473816760629e+00 9.096272603652012734e+00 8.793769357770669259e+00 9.906986142665950013e+00 8.799819422688296200e+00 7.216214930499460500e+00 6.422143910060932548e+00 5.786887093710110896e+00 7.311503452952083926e+00 6.742797350695157732e+00 7.996673304873328725e+00 8.073811632573070440e+00 1.037585552566777736e+01 1.044997462897102736e+01 1.038191139864772516e+01 1.043031191798874069e+01
6.865259254491054897e+00 5.524183263015633116e+00 4.477906150791073792e+00 3.187797505249614805e+00 6.850267052816962021e+00 6.005850472272785012e+00 4.454922030847267678e+00 4.281042166924560632e+00 5.972873256701237921e+00 4.416944749892188327e+00 3.828354934987860503e+00 3.697441544915722300e+00 6.755331045458114581e+00 6.933209746527218442e+00 4.057196824863146034e+00 5.497201904820730789e+00
6.560467279612451463e+00 3.811366672420699153e+00 5.381281995538926388e+00 4.666775018597272506e+00 6.836276718938123942e+00 4.665776348592618028e+00 6.415563875440535746e+00 5.088484293646093448e+00 6.515494831717952628e+00 3.497579952139948212e+00 6.476525276339421211e+00 4.316018001621657163e+00 0.000000000000000000e+00 6.442548751205099400e+00 6.839274647626446324e+00 6.879247030137412899e+00
5.429457648582924456e+00 4.341974241102339427e+00 5.175443540109990970e+00 3.794264654395485437e+00 5.365955010498068667e+00 4.429295099396631130e+00 4.921435781875464599e+00 4.500727915204814522e+00 5.421517056468611706e+00 4.619800981574910814e+00 4.953186465894051871e+00 5.437388842344396345e+00 -7.939830085705442894e-03 5.373887220297684841e+00 -2.381644214268070769e-02 3.206869887784599804e+00
4.970672809127723468e+00 3.321072921976792269e+00 3.752156207403527510e+00 3.144269352900647352e+00 5.286006605120390667e+00 4.739184621012440424e+00 4.602476864760193465e+00 6.179167134587268073e+00 3.873366401065133857e+00 5.194875197573471048e+00 4.447539735593691645e+00 4.623436589788218143e+00 6.261190271800376905e+00 3.773114474221706871e+00 6.215622380712150452e+00 6.266656808867295148e+00
6.223432990523622976e+00 7.304715059813653433e+00 8.325945403646386467e+00 4.745671435545905759e+00 5.802922511152061702e+00 4.925879282799549230e+00 7.689181355413349905e+00 3.712432515133072375e+00 5.718827873782171167e+00 5.694804569278114847e+00 6.740045146009215671e+00 5.286314969174362055e+00 5.911052371254725379e+00 7.016382350424227532e+00 8.217813236789776710e+00 6.139332970727862993e+00
7.089959212996369331e+00 5.717282406030554931e+00 9.010647132404232096e+00 7.153190161914251277e+00 7.601084621617552273e+00 2.726906968063087522e+00 7.666950685216395556e+00 7.192705921805267799e+00 8.549576256194313828e+00 2.634695659367229048e+00 8.760352971251961662e+00 6.823849305147513533e+00 9.010653877218645746e+00 3.148459133525681519e+00 8.760354657455565075e+00 8.431016329994234226e+00
4.420195384580339670e+00 3.455045951485735678e+00 5.504741289931344816e+00 5.903015728771593196e+00 4.165010994841914282e+00 5.694309444706640022e+00 2.898191775286186989e+00 6.224730067762020980e+00 3.479653242620031062e+00 3.549829591410429863e+00 3.396717557685923428e+00 6.296732386920322888e+00 3.549829591410429863e+00 5.196695335101995106e+00 6.212885320833094305e+00 6.101696820152201717e+00
6.199590248477059973e+00 5.751440299444342763e+00 4.843083261195131328e+00 5.741581964800231752e+00 5.992498951735780288e+00 3.620262668958678987e+00 6.190820622364389791e+00 5.531200348941711198e+00 6.046189287927963285e+00 4.339055039984341278e+00 4.897879136195570027e+00 5.171807319105782952e+00 7.560479419084574104e+00 7.560475912776903229e+00 5.796368372769963528e+00 7.514455624612173423e+00
8.898132977599733096e+00 6.103002985656114987e+00 8.712097353424253399e+00 9.761779744590969088e+00 7.238902673940561527e+00 5.913938456980274871e+00 7.281253128363949223e+00 1.044997462897102736e+01 6.624821084801433280e+00 4.840056774153437935e+00 6.875898778882948648e+00 7.139069826727009627e+00 9.134085509387180224e+00 7.139069826727009627e+00 8.899645493829138942e+00 1.011570854227214156e+01
4.971535325802379113e+00 6.470925390229969487e+00 5.416066034006071561e+00 7.148533592735994979e+00 5.826956580507863137e+00 7.177368785969891363e+00 4.931887992367995466e+00 7.770877353139145072e+00 5.544619509081193165e+00 5.214220834745765920e+00 4.985951769042355153e+00 7.040408730600211662e+00 6.472126824576466042e+00 6.051624803302702027e+00 6.886621674117747283e+00 7.100476603335126313e+00
6.183154431275371010e+00 5.478609240203976327e+00 5.835810827746346519e+00 5.170708091651333937e+00 7.514455624612173423e+00 4.308375549136055582e+00 6.530494177865961092e+00 4.327002808631302599e+00 7.327087308512920671e+00 2.894895269790808356e+00 7.582390335712488216e+00 4.403703288905851387e+00 7.511168461171836341e+00 4.637091893169833945e+00 7.526508557226746277e+00 3.432894352859425791e+00
0.000000000000000000e+00 3.373339520505544975e+00 5.201007292177201258e+00 5.222993278869589417e+00 2.948071324774396373e+00 4.100313138520110812e+00 3.212632109641011535e+00 4.551355164295570965e+00 5.105492510248279991e+00 3.844848999551488511e+00 2.990522338965028393e+00 2.925329710029415331e+00 5.113073048496606710e+00 5.258619382864487157e+00 4.502839476929054285e+00 5.061525388407983606e+00
4.277048126464064737e+00 4.976561302836326028e+00 6.565467025216924490e+00 4.399960004894688304e+00 3.447613194884998844e+00 4.816674011245878795e+00 5.764017558081434345e+00 4.080180944806952148e+00 3.177804409621872939e+00 4.676764916434413166e+00 6.804298812929349793e+00 4.780696948311647709e+00 4.065191301365339349e+00 6.852265671942511460e+00 6.874250482323541966e+00 7.015153130674701032e+00
7.258984290302129772e+00 5.142933757149931395e+00 7.690497567871215523e+00 8.603846371122402914e+00 6.780922933228505478e+00 3.515009030693959868e+00 6.906724125153203886e+00 5.876380523397096489e+00 6.915534946930816496e+00 3.279752520765624180e+00 8.227691592257480480e+00 4.663614343873482504e+00 7.535755447189746548e+00 4.978128394579814042e+00 8.617684989353481484e+00 8.211332835840901012e+00
8.535129082542120216e+00 7.849959230620876305e+00 1.014595886686027626e+01 8.618317475159489760e+00 6.921274265765150702e+00 7.381078231494407227e+00 4.771988703778201391e+00 1.036073617143603087e+01 5.823192323267805115e+00 6.186185086205969519e+00 6.276937027980760142e+00 1.034561488118350958e+01 7.306965904263863720e+00 1.039098020395665145e+01 1.030023503825456821e+01 9.997731792373224735e+00
1.019889693488951110e+01 1.028510503590856651e+01 9.011571694805235566e+00 1.034561584919389965e+01 5.504046558811053202e+00 7.553506049657158883e+00 4.658549986572697144e+00 9.323150038063021228e+00 9.432051206580306157e+00 7.146639183946751572e+00 8.344552037636873365e+00 6.131740794014842066e+00 1.028359784373628827e+01 7.412842040322334292e+00 1.029418545734213630e+01 1.014898341531389647e+01
1.034561004113157701e+01 9.286848680546873069e+00 8.802844455147109670e+00 1.060576380059992019e+01 7.365957909252273339e+00 8.439838140063528726e+00 6.216441702861618346e+00 8.212967965730424424e+00 1.025485955137236616e+01 6.670194635662860527e+00 8.137336346197766801e+00 7.275197255384001416e+00 1.022461455084136261e+01 7.970965369025349467e+00 1.039098068796184293e+01 8.657642897124064874e+00
8.485216046971698844e+00 1.030326055471857671e+01 8.578992053194916423e+00 7.707782705056644978e+00 9.453219657719291291e+00 5.974439106156543389e+00 7.353853907375471621e+00 8.043561307984935738e+00 1.040611165831823293e+01 5.369432130388662294e+00 8.273457482787243578e+00 8.113137054537645554e+00 1.031233565209501535e+01 7.145126667717343949e+00 1.031536020054863556e+01 1.040157410963001361e+01
8.655422247080407416e+00 4.702614086161068130e+00 8.642849736611850631e+00 3.459654557769645589e+00 8.856719693670143556e+00 4.705124562474929384e+00 7.095431750421033357e+00 3.138850226049187508e+00 8.553524123009388802e+00 4.919001765936948267e+00 7.007367413645275711e+00 4.101262013476606683e+00 8.668002406530675330e+00 7.631368926338426562e+00 8.676813630886272222e+00 5.493931437738197587e+00
9.255983324627615971e+00 3.917583272160720664e+00 6.717824627117813030e+00 8.952512434286916232e+00 9.596702830020019448e+00 3.745155696924586941e+00 5.657047334470619582e+00 6.164678014569421549e+00 8.607654635306751345e+00 6.370213262761599715e+00 7.655843137359653383e+00 7.793781401353909288e+00 9.494624921521889860e+00 3.914825734022828296e+00 9.531864708213937831e+00 6.000530116434689809e+00
3.197019047505041289e+00 6.467516256267118457e+00 4.184751185440654275e+00 5.574260358987197961e+00 4.166618854192450705e+00 6.527639249353266671e+00 4.417608491996531050e+00 5.600981689247707784e+00 4.385161162394482837e+00 5.649651462104254840e+00 3.502398960547837614e+00 4.816519779457007822e+00 5.363349051934303446e+00 5.821431747737024764e+00 4.278275841352440878e+00 6.565809219043905465e+00
5.340544869402119588e+00 4.190037665283894874e+00 7.500211249704043404e+00 5.522437384813613015e+00 6.436266016181380500e+00 5.029360063716809215e+00 5.445737605800598402e+00 7.549514844370674105e+00 4.298514058815042560e+00 4.009243676065317175e+00 5.062228542443284240e+00 6.429691689300705448e+00 4.010335189642892928e+00 5.190431072293360870e+00 7.176975615188763591e+00 7.198886531816680368e+00
5.699161152404520259e+00 5.947213814027222156e+00 9.932694078513929270e+00 7.523255725069024180e+00 9.392725784615731044e+00 8.169100155025693866e+00 8.627392572535930171e+00 7.977010593891040280e+00 6.600620825130925517e+00 6.181653829585264326e+00 7.647282055880375573e+00 7.110338794440990817e+00 6.615745987424991981e+00 8.663692962041690038e+00 7.615519215062834135e+00 1.049081256716501009e+01
8.288588937148825053e+00 1.029872300603035562e+01 7.408304491634114086e+00 1.044543708028280804e+01 8.799819422688296200e+00 1.000075730883723324e+01 6.443319137272626840e+00 1.027906029504806895e+01 9.144673122993028258e+00 6.319292806461275447e+00 7.963397947826380552e+00 6.724647155942276910e+00 8.951071045628967937e+00 8.932920850876087115e+00 9.143160606763622411e+00 8.991908983822948898e+00
8.612267410241862819e+00 7.491492884251483630e+00 5.414802777218929997e+00 7.936172655697060208e+00 9.513726598963074821e+00 6.169553699750010445e+00 7.164789378699631506e+00 1.034712352537137114e+01 9.649857899661613558e+00 4.976178394748107969e+00 1.018225925636603968e+01 5.824699999445278387e+00 1.029721048980094800e+01 7.063444499261867016e+00 1.031233565209501535e+01 8.901158010058546566e+00
7.047431470578791490e+00 6.668987722824816444e+00 8.936761325778025622e+00 7.317542084433728000e+00 7.596319349000586918e+00 5.886100275181098240e+00 8.540984276600203984e+00 6.328099461489175681e+00 9.208316381418281793e+00 5.535100921348212744e+00 9.898759554801486615e+00 7.113875792703535872e+00 9.673426636291488023e+00 6.596765633558790753e+00 7.958874237116036809e+00 8.592984180871741984e+00
4.209993444594135603e+00 3.871400664405460823e+00 4.148832637147148006e+00 3.444540091031564888e+00 4.136221597685476148e+00 4.325380733068277195e+00 4.180360941985643564e+00 4.228909095835384768e+00 4.273676137106342310e+00 3.341764850853828683e+00 4.218187603828371657e+00 3.953370705887288672e+00 1.639356440908304804e-02 1.639356440908304804e-02 4.260435181237467894e+00 0.000000000000000000e+00
6.984757189903343821e+00 3.993083660924518163e+00 7.188806276349957614e+00 4.154233132586814037e+00 7.067423230053510252e+00 3.442669642407459207e+00 5.887077745377709448e+00 4.936941486436550619e+00 7.188805941500175045e+00 4.833347334855961464e+00 6.798496998172588235e+00 5.723838141370634958e+00 3.617424060748442916e+00 3.327572731085144397e+00 7.004638895762243855e+00 4.795676734281202336e+00
3.418782895497414209e+00 5.927163819812015788e+00 4.107239430715961426e+00 4.712141190484469888e+00 2.854785097534553895e+00 5.982870067120474644e+00 4.632938226255787662e+00 4.639030761965686978e+00 2.085387937273880610e+00 4.898398710758514518e+00 3.090656329407158509e+00 3.674669395313157061e+00 3.980166543052361394e+00 5.939351954906912923e+00 5.980258980387660905e+00 5.973296082433490639e+00
6.202714456139298171e+00 4.804680377818228543e+00 6.114775214615169929e+00 4.811675544757647138e+00 6.805301320282726607e+00 2.788073680139945054e+00 6.842272576314769594e+00 4.619808108705005800e+00 6.404574987819680487e+00 2.768087488884461767e+00 6.035829759156010610e+00 4.808677616069324756e+00 6.254678553403554275e+00 4.757712828367842484e+00 6.808296051180446895e+00 2.904992898984523286e+00
6.451701287309052901e+00 8.301915178880493684e+00 5.834165186586842466e+00 8.288695556479122928e+00 6.175367927483947028e+00 5.862995381853857602e+00 4.889833176732728326e+00 8.240638182619264285e+00 5.658759232129275674e+00 8.169748558209091627e+00 3.315962256461165936e+00 6.007167503433433531e+00 2.162581823693639563e-02 7.928265252530183105e+00 5.673172984156314769e+00 8.482124179511107087e+00
4.587148852195544357e+00 6.420631560001567983e+00 7.893842947249961384e+00 7.831885459001197702e+00 4.807442143746706087e+00 4.355381951709426325e+00 4.681232445462186753e+00 7.624213137278487373e+00 3.167863426941445404e+00 2.580414649471680644e+00 7.868601007593056806e+00 6.543399175605600249e+00 6.074128570165886032e+00 4.536664972881736091e+00 8.038410419830411158e+00 7.461287890402107159e+00
9.262649388886751822e+00 9.624140767714957079e+00 8.917795688582021540e+00 1.011117099358392224e+01 7.744087934614340973e+00 8.883007815305665744e+00 7.719882834891897971e+00 1.036527372012425019e+01 7.272178030987509700e+00 6.348030614820003414e+00 5.257506413417758928e+00 4.880889872295484544e+00 8.507903790412798983e+00 1.002193253604892575e+01 8.840657360882277160e+00 1.006428299047231434e+01
6.938179958581671691e+00 7.787371518690630268e+00 6.295313238937930045e+00 8.600072202513926456e+00 8.225171454071979582e+00 6.126728876823517744e+00 4.578066522081360112e+00 6.645052863323370751e+00 5.433544740002581364e+00 5.346742887787483411e+00 4.932838371278102763e+00 4.920257809249849679e+00 6.764568202591776824e+00 7.762206771432260233e+00 7.598663490844817403e+00 7.994947168954944949e+00
8.674297518480621250e+00 8.635297776193034736e+00 7.028760005185095139e+00 6.439989702262842286e+00 7.198597592566514436e+00 6.338087149833991241e+00 4.170456312365955043e+00 4.367971136209530592e+00 8.032688855039705089e+00 7.291693751575587967e+00 5.659994856511140426e+00 4.946676989509180444e+00 8.831554141255800516e+00 7.013663330751191083e+00 6.714245954478763601e+00 3.834555306211592907e+00
6.865256056700455467e+00 5.096475252578626325e+00 6.423561869512389499e+00 4.536864455657569017e+00 5.412260591984925817e+00 4.916599531279275404e+00 3.097862522611479985e+00 2.768086849326341969e+00 6.858261529319155336e+00 6.585453216472408222e+00 6.785311611457580661e+00 3.465605563700835390e+00 6.832279480687027728e+00 3.766397742095861201e+00 6.835279967607829299e+00 2.843035706092524872e+00
2.099415854244292223e+00 4.560792649965285328e+00 3.134641938313448950e+00 5.009633066787400502e+00 3.518327208070923806e+00 5.009635151722454438e+00 4.169869180679858900e+00 4.886565837034531512e+00 2.075523888486064283e+00 3.438697283566532370e+00 3.010848919502455701e+00 3.207032736652086768e+00 3.257708009769066049e+00 4.995158984326000251e+00 3.330108306145171060e+00 5.154419296653684590e+00
6.316782772289008641e+00 4.666268295923296172e+00 1.234010081327271413e+00 2.415156264427865906e+00 6.097139914386591641e+00 3.458691476098223472e+00 4.110331625358218943e+00 4.793863698854168298e+00 5.121958872484326797e+00 3.197125085152192181e+00 6.131772398205229457e+00 6.042456753557298832e+00 4.184150873983385033e+00 5.532083307808944639e+00 5.623221423121150586e+00 6.324985202667106954e+00
6.882244958825736170e+00 4.370980027574236537e+00 5.091482222334415830e+00 6.682383046270901517e+00 6.749336786976770419e+00 4.203096021028176033e+00 3.930284510390826380e+00 5.494203976132407519e+00 4.947581645294935271e+00 3.922290033888632621e+00 4.238071855725271675e+00 3.965260345087922467e+00 5.975871185389560303e+00 6.059813188662590555e+00 6.537483159668646238e+00 4.758712137930616315e+00
5.617105107925264740e+00 6.784893725742812798e+00 0.000000000000000000e+00 7.142764431203029396e+00 7.056959174338299334e+00 3.915649648631956747e+00 4.559189075117433099e+00 7.156367703632803945e+00 6.768151236598475506e+00 1.975613719031837245e+00 6.881163038322754666e+00 4.152137307795725540e+00 7.135439592202381220e+00 4.587442025548503111e+00 7.165785353776493061e+00 5.749998615508445710e+00
6.264237796137037684e+00 6.656505966684012954e+00 4.794875738306047630e+00 7.018093945121169241e+00 5.572837752519323118e+00 6.866884426865631497e+00 3.372629689786566409e+00 7.533082884107421329e+00 4.145113098265945872e+00 6.068103710863549161e+00 3.935830359231106801e+00 4.953755304589040342e+00 6.159048566046227968e+00 7.579103172272151134e+00 6.162335729486565938e+00 6.393532891456989553e+00
3.811366672420699153e+00 6.865256696258574820e+00 3.868327317498827522e+00 4.179112591521595199e+00 5.835964009252454510e+00 5.965878089761818437e+00 5.831970608350078855e+00 6.915222174397283261e+00 6.899233221392896631e+00 3.064882429028391364e+00 4.773701781372229114e+00 3.555543424350510850e+00 6.967186271661541141e+00 4.408953790959655450e+00 6.862258767570252438e+00 3.654475071065153902e+00
4.127687009485353720e+00 5.171661009467956482e+00 2.777004087533340382e+00 4.217455474452010300e+00 4.662973041323567713e+00 5.013735006285875428e+00 4.962201257879089944e+00 4.604789776993326811e+00 4.239065869241969153e+00 3.258259078764556005e+00 5.070255891635251366e+00 3.407876112829323567e+00 5.718580502404574162e+00 3.756973570965671971e+00 5.701128714873145320e+00 3.791055265860390655e+00
4.220527201605972500e+00 3.117173278297282302e+00 4.515813287556210476e+00 3.483899546332256847e+00 3.403727786437165115e+00 3.800617686907916681e+00 4.585665910039063320e+00 4.459454921689363971e+00 3.720445927012824949e+00 3.405315346039047952e+00 3.840306676954992060e+00 4.327687474733075135e+00 4.845231904946934343e+00 4.776966842065965224e+00 4.758709906644311260e+00 5.398496426203162279e+00
