0.494140
0.497071
0.494141
0.489258
0.492188
0.500977
0.498047
0.494140
0.488770
0.496289
0.491895
0.493652
0.500000
0.496094
0.491211
0.495898
0.497949
0.498046
0.494531
0.491992
0.494824
0.489941
0.496289
0.494141
0.496582
0.489453
0.491113
0.492480
0.499512
0.490918
0.502930
0.497754
0.487305
0.494141
0.498047
0.496387
0.499023
0.491992
0.489551
0.490137
0.496387
0.493164
0.498828
0.493945
0.500293
0.497070
0.495898
0.495117
0.500977
0.493164
0.490234
0.499219
0.497070
0.496289
0.499219
0.491797
0.492187
0.494922
0.498047
0.493164
0.495117
0.494141
0.495117
0.497071
0.496093
0.489258
0.491016
0.497363
0.496094
0.495508
0.492187
0.492285
0.490820
0.497070
0.498535
0.494141
0.495996
0.493555
0.500977
0.490625
0.498047
0.497070
0.497070
0.498047
0.498046
0.492188
0.492383
0.496875
0.497071
0.491210
0.492187
0.492676
0.489941
0.493652
0.488379
0.495020
