0.497870
0.492212
0.491064
0.479138
0.480969
0.158716
0.045294
0.030054
0.030054
0.499676
0.491455
0.498505
0.299426
0.057953
0.047192
0.036053
0.492432
0.495990
0.497479
0.326361
0.073566
0.033575
0.015320
0.026331
0.447571
0.410657
0.253625
0.084863
0.041248
0.026855
0.015710
0.022101
0.178412
0.308289
0.100165
0.071265
0.030493
0.027301
0.022961
0.030585
0.317456
0.283228
0.079413
0.081104
0.048431
0.023773
0.011334
0.015009
0.491858
0.480103
0.129779
0.092767
0.114417
0.030438
0.022791
0.032507
0.481909
0.486188
0.476361
0.272864
0.202637
0.051129
0.056610
0.044666
