1.300000
0.100000
0.100000
0.300000
0.300000
0.100000
0.100000
0.100000
2.900000
2.500000
2.700000
1.100000
0.100000
0.100000
0.100000
0.100000
0.300000
2.500000
2.300000
0.100000
0.100000
0.100000
0.100000
0.100000
0.100000
0.100000
0.100000
0.100000
0.100000
0.100000
0.100000
0.100000
0.100000
0.100000
0.100000
0.100000
0.100000
0.100000
0.100000
0.100000
0.100000
0.100000
0.100000
0.100000
0.100000
0.100000
0.100000
0.100000
0.700000
0.100000
0.100000
0.100000
0.100000
0.100000
0.100000
0.100000
1.100000
2.300000
0.100000
0.100000
0.100000
0.100000
0.100000
0.100000
