6.600000
4.000000
8.400000
3.900000
8.200000
4.200000
7.400000
5.400000
7.700000
5.400000
7.500000
6.300000
7.500000
8.200000
4.800000
6.700000
6.000000
4.300000
4.400000
5.700000
4.300000
4.600000
4.800000
2.700000
5.100000
3.700000
6.000000
1.000000
6.100000
3.700000
4.500000
6.600000
1.800000
3.700000
6.500000
3.200000
6.200000
2.300000
5.900000
3.300000
7.400000
3.800000
6.600000
7.100000
3.900000
5.700000
2.700000
8.700000
7.500000
3.800000
6.200000
4.600000
5.200000
5.800000
4.200000
5.800000
5.600000
3.400000
4.900000
2.300000
3.300000
4.300000
2.400000
4.900000
0.800000
3.800000
6.100000
3.500000
5.800000
0.400000
6.200000
3.300000
4.600000
3.900000
3.800000
5.000000
7.000000
3.100000
6.300000
4.200000
6.600000
1.200000
5.300000
3.800000
5.100000
3.400000
4.500000
4.800000
4.700000
3.700000
2.900000
3.200000
3.300000
2.400000
4.900000
3.500000
