0.488281
0.530274
0.674609
0.494434
0.676758
0.492578
0.666015
0.661230
0.667578
0.666016
0.505371
0.653320
0.633691
0.666406
0.505859
0.674219
0.659180
0.674805
0.622070
0.672852
0.666015
0.492188
0.664258
0.668750
0.659180
0.648437
0.625000
0.496582
0.676465
0.641113
0.498145
0.673730
0.495117
0.499023
0.663965
0.526758
0.666699
0.497754
0.660157
0.495801
0.666993
0.666992
0.670898
0.655274
0.662695
0.669434
0.662793
0.657617
0.659180
0.619141
0.674805
0.666992
0.655273
0.499023
0.673828
0.676172
0.679590
0.556641
0.510742
0.497070
0.502930
0.575000
0.495117
0.687500
0.493945
0.567090
0.669824
0.526367
0.675781
0.489941
0.677734
0.662793
0.665137
0.668945
0.663086
0.684570
0.658105
0.579199
0.661719
0.661133
0.649414
0.604493
0.666992
0.689844
0.666797
0.546289
0.651367
0.658887
0.652343
0.667578
0.672559
0.494824
0.663379
0.496875
0.671875
0.674805
