0.491210
0.494141
0.498828
0.490527
0.493164
0.498437
0.492187
0.496191
0.491797
0.490234
0.495605
0.496094
0.495020
0.490625
0.496094
0.493555
0.495117
0.492187
0.498047
0.492188
0.496093
0.500977
0.489453
0.499805
0.493164
0.497070
0.498046
0.498535
0.499707
0.490723
0.499121
0.493066
0.489258
0.499023
0.498926
0.500391
0.494824
0.495801
0.496094
0.489941
0.496094
0.490234
0.500976
0.498047
0.498633
0.494629
0.496777
0.490625
0.489258
0.496094
0.494141
0.499023
0.495117
0.498047
0.497070
0.495508
0.492090
0.490235
0.492187
0.498047
0.497071
0.494922
0.489258
0.492187
0.483203
0.498730
0.494043
0.491211
0.498047
0.504590
0.496094
0.498730
0.495215
0.498046
0.500000
0.493164
0.495996
0.487402
0.494727
0.501953
0.493164
0.500977
0.496093
0.497461
0.488086
0.492578
0.495117
0.494824
0.492187
0.495703
0.496777
0.497754
0.488574
0.493945
0.497070
0.494141
