0.491210
0.493164
0.491016
0.485645
0.499023
0.495508
0.487304
0.490332
0.489844
0.491211
0.497559
0.496094
0.494043
0.487695
0.493164
0.496484
0.496094
0.489258
0.500000
0.497071
0.500000
0.489258
0.495312
0.495898
0.498047
0.492187
0.499023
0.495605
0.499707
0.499512
0.488379
0.491113
0.497070
0.494140
0.485254
0.498437
0.496777
0.492871
0.487305
0.495801
0.499024
0.493164
0.494140
0.498047
0.487891
0.488770
0.494824
0.494531
0.493164
0.496094
0.492187
0.493164
0.493164
0.491211
0.497070
0.498437
0.495996
0.493164
0.491210
0.491211
0.491211
0.498828
0.496094
0.494140
0.498828
0.489941
0.496973
0.497070
0.492187
0.494824
0.488281
0.496777
0.492285
0.495117
0.498047
0.498047
0.492090
0.489355
0.493750
0.501953
0.492188
0.498047
0.498047
0.494531
0.491016
0.485742
0.497070
0.496777
0.494140
0.490820
0.489941
0.500684
0.487598
0.496875
0.495117
0.493164
